"processing_time"
63
58
122
63
106
99
7
175
111
128
671
51
209
76
13
321
179
63
79
74
107
22
236
167
106
25
62
98
71
164
49
38
110
283
33
153
22
64
24
236
72
34
135
46
21
879
27
66
94
69
42
224
143
88
50
44
23
52
69
27
53
36
135
208
52
61
19
45
1040
29
31
30
80
33
108
30
43
81
26
72
17
203
69
59
180
241
62
78
136
144
85
169
51
292
45
50
91
29
78
190
163
48
114
74
33
47
46
142
92
64
44
57
18
46
20
290
61
34
81
37
20
210
50
61
39
311
54
49
122
365
182
100
27
46
73
35
45
153
105
36
327
37
41
20
48
11
37
296
185
30
82
38
74
38
34
18
397
213
124
47
19
93
44
65
24
92
18
75
159
29
74
49
46
170
64
37
70
21
122
260
134
342
101
217
310
407
250
27
158
49
60
16
18
64
36
15
26
116
67
26
58
62
41
45
156
28
210
141
64
45
35
24
19
160
60
215
32
41
77
59
107
179
41
22
16
17
31
312
156
42
93
75
20
25
28
126
61
55
140
97
47
26
158
302
56
135
106
189
44
21
260
425
29
66
51
60
31
48
99
26
28
87
147
39
56
50
67
12
82
58
542
8
22
80
66
5
55
51
88
1054
117
61
41
213
63
141
41
24
87
155
319
170
67
49
57
72
33
8
31
70
164
57
84
34
142
85
100
75
78
61
28
63
66
55
63
104
138
256
151
149
698
674
148
1875
4
358
68
246
42
39
427
69
12
59
61
176
56
51
72
56
153
198
44
155
37
192
40
44
77
48
33
189
174
35
78
48
33
103
22
105
50
130
167
139
128
96
132
165
98
192
53
123
144
122
139
197
175
26
17
9
23
57
589
38
122
92
29
261
93
74
10
46
24
228
108
787
740
10
273
455
111
39
68
108
87
67
18
175
35
371
671
57
53
2
60
102
11
130
33
46
51
18
27
39
8
130
73
62
101
161
64
104
42
318
189
42
151
22
183
138
284
131
85
78
129
100
132
85
197
106
17
74
21
36
20
147
635
456
59
71
61
76
120
48
74
39
36
29
144
53
19
66
108
163
91
922
25
130
26
29
34
95
41
146
412
15
69
196
57
61
45
154
65
139
6
64
81
28
59
99
129
11
122
148
110
73
58
114
46
48
40
9
42
69
62
42
39
99
56
45
41
203
43
21
74
99
52
39
21
112
92
75
92
40
463
22
203
60
173
144
37
166
44
103
9
671
51
280
99
167
30
41
21
40
80
32
263
13
34
104
36
37
17
58
124
95
37
20
44
72
145
31
25
17
45
58
208
143
9
135
321
12
126
41
102
8
13
11
301
100
271
6
447
75
8
238
56
20
57
107
70
71
20
134
4957
74
105
125
59
73
58
45
90
415
46
112
16
142
87
22
38
148
199
256
20
21
87
42
230
43
11
11
144
241
28
313
8
4
64
5
8
4
174
253
166
53
3
136
110
283
195
74
14
12
9
176
67
279
11
14
17
11
6
17
112
7
27
68
35
23
115
51
140
201
159
60
159
23
70
137
8
20
34
44
122
104
292
24
295
272
109
19
145
64
60
175
85
137
46
31
188
294
125
151
8
63
123
80
174
113
81
70
178
96
142
245
162
40
107
84
34
27
85
15
40
51
49
92
90
214
110
96
32
167
160
80
48
115
151
169
11
40
149
76
73
29
109
145
189
150
91
179
85
252
25
90
59
68
65
66
115
69
117
101
26
67
17
36
23
60
82
52
25
150
66
65
47
265
32
37
406
98
313
280
5
169
25
38
85
24
29
58
3
23
52
62
42
60
42
29
176
823
5590
270
886
49
42
182
229
33
32
61
65
125
746
51
90
113
72
178
40
35
121
22
38
67
134
31
99
29
64
100
63
136
65
60
137
391
134
47
108
71
46
30
56
249
187
102
58
19
29
21
48
265
185
88
150
388
147
57
68
73
210
9
44
63
48
121
81
40
84
3
56
32
114
101
256
96
145
17
41
39
11
227
115
96
34
70
5
41
128
63
62
117
44
45
11
53
138
192
70
13
61
23
149
25
40
62
161
20
18
63
152
107
19
29
48
67
109
16
53
21
31
96
74
155
53
60
101
32
100
139
223
241
39
25
119
34
53
18
55
96
140
103
157
78
30
86
124
65
109
145
114
232
46
72
278
34
56
132
106
44
64
189
97
233
467
19
395
20
4
105
88
93
89
45
29
116
152
38
160
235
110
28
388
80
163
132
607
79
164
321
257
71
177
160
32
135
26
193
31
31
26
7
3
26
38
27
38
50
75
58
40
13
42
119
55
15
34
219
165
41
86
68
223
82
126
267
100
59
145
25
30
246
37
44
64
180
14
126
51
26
24
144
65
33
36
15
21
44
25
55
100
170
21
29
151
68
130
40
94
46
42
6
47
109
131
46
95
96
254
154
60
74
12
26
117
42
15
696
63
244
45
60
25
123
88
125
31
88
389
31
145
34
9
9
45
4
267
30
78
46
21
90
87
18
139
228
32
301
42
154
49
13
145
80
19
146
18
122
103
60
124
94
29
78
40
12
28
272
33
102
3610
481
270
131
57
42
21
51
10
45
49
51
19
122
28
28
340
47
65
60
40
59
171
49
18
235
14
39
34
204
42
56
114
9
129
279
23
12
5
41
23
48
25
53
51
24
16
57
21
28
8
304
136
17
39
42
68
111
52
31
71
84
119
82
185
188
31
48
34
149
41
61
21
143
72
118
126
30
10
7
44
18
60
93
70
157
8
83
62
33
50
53
52
24
86
30
91
274
127
95
277
166
79
397
72
274
124
101
150
301
87
78
30
182
66
14
100
79
13
29
32
28
68
66
54
6
15
63
330
95
66
13
75
11
100
35
171
97
78
142
39
103
53
125
29
34
151
71
40
51
488
39
70
126
71
58
746
14
17
41
170
2405
101
245
48
253
51
158
79
113
12
37
41
80
28
22
61
15
26
22
65
29
129
57
63
232
191
448
19
126
49
57
27
264
43
153
54
78
29
92
54
335
115
7
124
72
67
35
13
134
68
65
96
32
57
162
38
50
18
34
24
185
38
43
84
121
37
29
53
31
274
96
64
72
28
92
37
982
220
43
46
114
85
33
129
21
331
101
37
49
101
42
29
50
45
42
161
89
26
107
68
43
70
1063
24
63
48
37
82
91
25
144
32
58
79
3
69
28
38
34
72
30
30
198
129
32
39
59
47
62
28
28
39
39
56
31
77
54
32
45
18
37
509
40
164
306
23
22
66
655
9
26
35
26
163
26
75
36
545
51
73
112
7
209
79
140
131
94
129
13
28
13
73
201
48
33
35
166
51
41
44
155
27
99
60
10
90
53
23
24
210
21
83
76
78
279
39
184
82
181
25
51
83
72
77
111
22
21
89
55
18
19
41
5
116
26
29
83
33
88
34
77
32
31
32
52
99
48
39
50
65
26
39
47
84
39
40
104
63
44
238
92
130
28
24
3
33
66
156
119
72
56
18
83
107
36
55
265
135
46
26
78
180
112
77
1116
48
72
83
166
23
37
202
90
229
166
96
3
35
88
7
5
9
34
50
40
225
21
78
72
6
104
56
38
47
57
52
171
262
42
201
85
26
106
100
234
79
45
23
66
84
86
88
1948
49
91
35
96
42
147
28
121
20
38
25
54
132
104
32
28
92
29
102
39
42
29
24
371
51
45
174
52
367
135
26
82
99
17
184
92
43
71
175
101
25
44
71
30
77
63
53
97
65
394
332
34
27
82
31
10
166
98
136
1017
111
20
147
31
1567
24
195
22
48
53
169
41
34
111
40
20
76
55
172
67
69
72
52
135
125
39
86
30
33
273
242
31
101
60
299
250
398
21
18
186
14
81
143
112
120
76
558
183
97
27
41
44
803
33
15
11
15
127
67
43
25
38
173
22
23
130
5
212
518
57
92
169
69
55
90
84
79
18
47
37
9
39
12
782
241
51
71
31
59
88
15
96
32
18
7
131
89
33
21
166
95
84
135
36
70
197
145
64
113
447
214
109
144
61
223
30
26
7
18
109
50
109
37
24
74
187
26
2166
88
14
116
186
132
56
106
110
84
39
68
32
68
31
59
62
16
60
46
37
90
116
33
293
40
74
330
45
96
137
47
38
101
232
123
201
7
80
34
109
138
41
22
156
125
67
148
20
86
163
456
118
38
39
39
53
19
17
47
39
145
362
176
44
71
11
29
33
23
58
60
167
119
38
64
61
43
208
3561
193
151
121
62
32
38
44
60
43
7
14
31
158
35
19
38
19
87
207
122
97
18
56
9
18
44
114
201
46
122
300
51
134
91
93
29
48
29
15
19
48
27
17
36
12
231
53
204
326
140
89
149
124
48
64
37
44
39
32
95
88
97
81
42
44
67
98
12
36
92
136
94
59
87
38
48
90
104
88
166
58
22
94
1405
65
494
97
54
29
109
31
55
72
30
53
48
15
125
127
51
68
105
32
214
79
31
95
28
73
260
533
129
33
36
68
25
27
27
44
102
78
44
20
76
76
190
53
8
163
118
253
26
115
98
309
325
62
27
33
22
66
82
47
205
95
21
8
56
107
107
87
290
105
70
126
83
167
42
159
24
60
46
81
47
184
53
111
10
46
108
108
159
52
54
57
22
274
41
65
378
70
21
49
181
113
118
43
48
38
20
45
30
80
215
27
40
31
106
113
172
45
77
83
35
186
149
34
61
57
147
33
7
22
34
49
152
81
38
8
67
35
26
43
26
18
76
93
128
166
227
50
50
402
208
98
89
169
60
200
24
25
172
63
133
23
104
74
90
42
71
518
177
47
29
107
80
25
56
26
58
200
71
50
17
27
32
112
63
29
56
55
222
16
109
193
47
136
102
326
191
39
139
82
56
24
167
131
25
37
42
234
428
116
68
41
93
31
102
24
24
23
97
74
109
28
66
22
62
98
131
31
43
66
79
39
47
33
70
109
113
60
119
21
163
19
337
9
244
138
120
57
23
109
97
13
55
13
42
17
40
67
19
241
41
148
18
323
30
102
146
76
31
229
70
16
96
57
49
39
83
21
137
70
89
85
42
22
36
89
116
35
487
109
26
33
18
63
175
294
140
84
84
122
106
27
306
179
15
110
136
103
53
153
55
55
73
112
98
110
120
147
93
220
70
173
31
38
78
256
249
112
15
28
60
270
53
51
65
20
35
213
21
69
441
118
93
38
71
164
137
103
67
40
78
68
284
276
74
95
87
79
143
58
143
209
56
38
31
50
48
32
16
50
28
96
79
201
647
171
25
119
139
14
53
52
100
53
207
18
52
15
58
73
161
60
47
24
28
19
61
12
106
126
12
36
103
17
904
75
109
64
18
77
28
34
126
51
42
77
8
21
49
83
87
45
41
75
94
128
15
28
87
31
97
10
37
63
21
521
27
50
45
121
72
29
14
11
8
46
46
34
47
194
91
63
45
214
5
28
126
68
136
83
137
85
50
66
55
299
16
90
177
28
226
17
67
335
54
65
75
187
5
207
117
9
32
66
17
365
29
86
141
115
200
99
35
107
33
6
28
43
43
43
82
69
30
41
310
95
106
14
36
176
17
41
41
70
38
122
346
19
95
62
329
12
54
67
181
68
57
52
35
4
39
83
77
638
57
651
229
43
33
200
11
15
32
106
41
27
124
209
77
37
4
42
106
47
49
166
43
400
35
107
17
46
43
12
33
180
697
31
28
18
90
3
66
174
59
27
42
73
64
40
22
16
348
104
93
288
97
113
162
67
34
64
104
150
36
138
156
44
399
74
60
62
21
164
90
14
80
138
21
54
127
23
279
90
59
216
9
53
90
129
20
14
70
51
21
85
96
46
64
106
5
4
42
66
354
20
27
25
113
100
41
27
34
23
20
23
92
1518
109
85
132
34
59
157
116
29
30
76
29
91
56
488
85
76
99
152
425
93
71
192
251
128
319
90
68
121
67
36
73
28
33
36
73
5
84
33
60
73
34
27
62
2083
174
50
63
105
37
121
98
25
58
35
26
133
33
178
580
17
45
8
25
143
119
226
45
69
46
162
421
53
96
38
66
81
64
45
337
267
324
48
145
104
190
132
62
121
37
83
215
106
55
64
46
24
8
70
198
30
103
47
46
77
28
125
118
22
87
76
26
62
12
22
146
52
214
28
47
134
161
25
42
43
28
34
40
185
31
52
91
132
21
17
181
197
29
22
76
177
33
241
82
501
94
122
64
191
97
42
71
30
68
15
48
71
25
195
132
32
87
60
103
29
99
71
154
61
204
42
34
44
115
113
33
22
132
181
53
22
82
72
175
12
83
150
111
54
90
671
60
56
77
14
39
7
64
49
59
9
48
177
29
96
53
222
139
14
56
60
54
13
133
79
273
39
83
122
120
210
401
279
154
423
123
19
50
25
11
239
101
127
22
68
22
19
126
21
118
277
10
57
66
56
14
169
260
39
57
354
56
82
428
52
70
37
14
56
13
30
119
13
19
255
4
272
51
54
120
30
20
84
93
32
26
83
12
166
28
10
188
26
86
76
52
121
59
28
31
66
39
33
53
143
126
98
49
86
22
21
49
15
21
46
51
10
111
53
98
45
103
136
98
77
44
72
193
89
245
21
138
48
33
116
165
256
125
83
38
46
6
38
178
27
53
124
131
26
80
12
59
156
98
133
41
407
42
18
15
55
61
579
33
44
43
105
78
77
42
143
316
34
147
25
187
43
52
15
56
72
17
7
18
36
58
20
7
25
97
49
18
27
12
7
46
5
101
77
67
15
10
2
67
25
57
53
115
86
21
65
12
62
85
281
23
296
28
104
193
61
237
1203
39
124
59
95
7
62
28
47
54
30
44
41
58
10
237
60
48
15
15
30
52
216
89
105
171
89
140
295
90
164
79
116
388
27
38
205
174
49
54
48
104
82
44
33
83
4
403
47
95
60
262
94
153
263
31
42
214
133
41
41
55
115
30
40
27
107
68
29
83
55
100
44
161
47
597
346
261
75
28
81
93
45
32
15
27
23
128
33
24
47
229
95
156
94
68
47
12
197
184
34
69
55
78
27
29
51
133
29
460
15
95
27
185
133
119
90
124
277
28
39
214
13
89
65
75
153
6
8
5
53
8
14
43
5
98
107
144
59
21
142
99
62
20
4397
51
110
73
30
125
68
111
55
138
13
28
34
73
63
37
80
15
161
31
250
5
19
99
11
36
10
105
232
136
107
98
37
29
82
36
25
22
44
17
34
75
84
8
135
28
81
53
22
74
41
89
16
15
177
7
7
15
15
27
38
53
109
87
23
114
28
404
59
78
165
79
89
169
46
22
85
96
142
70
15
91
46
5
49
319
29
120
99
36
67
44
42
44
98
23
138
34
403
103
46
47
26
78
67
82
168
123
60
45
24
51
95
111
40
39
55
418
47
194
59
11
61
12
11
104
10
236
45
222
168
123
67
174
112
36
64
42
37
32
67
110
23
41
186
179
50
60
34
106
24
16
300
36
95
86
24
36
64
150
46
1100
15
49
98
3
83
41
80
59
43
53
356
38
34
26
13
135
23
273
162
175
75
136
57
93
204
72
81
133
43
79
65
254
59
364
39
80
65
11
175
37
49
70
164
95
36
155
98
108
19
55
124
22
30
27
61
23
28
169
159
225
26
24
144
38
116
220
582
235
14
39
31
87
289
30
70
22
120
132
28
7
2
29
61
49
24
39
15
192
56
53
23
31
39
74
17
37
32
88
43
32
134
106
96
29
34
29
31
54
23
41
51
230
280
19
114
32
146
367
49
55
145
14
50
103
35
125
79
52
44
16
86
174
52
37
27
54
1
2
54
147
138
173
124
74
1089
63
365
23
19
78
83
95
162
83
10
44
159
906
72
22
70
168
84
42
51
33
46
233
144
86
85
173
150
228
81
97
62
288
154
46
143
249
116
89
83
265
44
305
20
33
115
75
104
70
175
33
278
25
79
127
87
22
19
287
72
64
79
87
33
29
121
20
75
34
109
25
34
149
24
56
57
19
100
72
86
128
110
26
200
23
61
224
544
30
36
139
34
54
26
14
91
18
47
290
541
76
98
16
69
109
68
153
36
33
125
47
51
64
266
48
35
87
33
89
80
29
161
73
56
32
98
47
74
24
138
25
71
23
123
11
35
232
37
176
80
121
7
44
161
187
107
78
27
100
151
151
32
156
43
184
31
34
40
7
50
473
70
9
30
31
54
17
23
129
88
20
47
41
147
116
14
6
94
321
15
261
38
42
170
70
24
141
209
14
270
49
22
22
64
10
80
35
47
144
47
2405
290
78
13
162
409
54
75
83
56
68
195
6
42
51
41
24
33
26
48
69
64
49
41
44
163
87
63
161
86
307
855
46
105
19
76
13
75
48
40
46
79
84
69
118
44
240
81
133
42
44
10
6
13
5
21
9
52
93
15
17
61
45
25
94
166
231
22
218
15
92
32
654
161
46
38
110
103
85
36
44
224
48
43
49
5
38
59
101
68
46
179
48
348
54
20
70
46
137
41
138
51
186
95
120
24
158
108
237
97
164
51
44
205
37
16
73
56
3
78
77
73
57
103
178
47
89
34
75
93
91
110
29
25
105
175
83
109
100
122
44
20
63
196
43
57
105
48
221
79
398
160
121
80
59
78
165
132
35
34
52
44
11
57
27
46
260
90
355
411
191
129
144
105
181
67
37
49
3
218
79
38
90
56
52
86
69
24
186
170
243
21
53
107
64
115
21
31
3
104
68
15
112
49
24
135
37
25
50
25
187
38
230
116
128
90
23
50
178
17
22
23
44
80
31
96
115
84
57
13
206
106
143
189
51
49
24
49
65
56
72
97
58
46
202
83
139
368
87
14
4
75
243
57
51
29
27
49
119
55
17
78
88
38
179
32
31
169
242
121
30
35
33
92
115
105
45
27
93
92
132
94
178
21
53
68
74
146
86
56
44
70
264
23
97
140
49
14
105
147
84
179
55
14
34
77
169
95
36
45
26
149
54
76
5
80
32
151
182
42
27
487
126
87
18
43
15
211
52
111
35
13
68
82
39
145
183
105
48
23
44
33
63
341
91
17
51
136
82
63
31
96
120
121
146
45
49
105
192
431
504
456
106
134
12
50
66
40
2526
64
90
252
126
461
505
296
78
99
24
20
81
29
26
37
155
46
178
70
19
79
43
107
23
45
312
35
18
432
238
38
83
103
53
77
54
193
50
33
103
44
60
8
154
119
67
109
776
32
240
484
110
154
132
83
170
200
126
11
58
18
42
139
40
47
53
26
61
26
44
253
35
43
458
53
68
227
72
85
168
40
142
1072
82
38
40
34
70
69
77
62
1642
200
226
24
75
63
218
152
143
19
190
546
81
69
40
129
202
168
323
179
26
58
103
339
127
28
8
10
7
4
10
30
86
19
43
39
78
64
21
57
187
42
57
20
124
42
145
49
28
48
51
33
21
48
86
33
232
204
176
26
83
67
27
40
30
39
542
27
166
36
83
5
3
39
67
33
5
13
54
41
58
101
136
17
119
17
22
11
151
31
123
62
148
52
184
131
83
93
64
51
114
282
8
362
135
52
49
33
39
74
97
31
85
41
129
38
178
53
144
5
11
59
101
67
69
46
147
114
160
27
174
56
8
15
52
206
94
215
237
29
42
21
73
142
193
56
39
23
58
48
66
21
48
148
114
68
90
50
214
117
84
27
201
43
120
26
64
54
57
210
88
31
30
20
59
123
163
31
67
123
156
259
33
120
151
149
96
170
81
68
50
15
131
24
537
98
135
34
38
57
28
28
55
80
153
42
118
30
20
35
146
32
21
113
105
40
116
117
168
66
16
36
21
108
99
17
269
70
145
275
14
68
27
60
145
10
82
156
258
52
183
59
147
105
32
37
96
28
92
24
65
44
65
46
72
35
135
42
45
83
110
174
20
175
54
117
135
109
132
41
177
62
85
14
33
49
158
32
108
21
59
109
105
41
88
63
193
101
123
108
418
129
399
35
178
81
173
37
16
505
63
22
29
18
38
104
106
29
175
42
39
43
112
37
27
96
50
49
43
18
45
85
9
92
8
7
14
2
13
114
27
10
11
23
103
360
13
83
43
97
27
24
68
41
131
79
15
376
84
25
31
13
29
41
113
23
47
101
88
19
251
108
495
340
136
105
129
64
37
50
45
155
21
95
158
695
9125
13
67
14
127
82
83
23
143
99
49
46
96
611
78
65
93
69
109
72
97
18
150
2
74
59
502
52
32
71
95
208
76
157
174
63
378
81
53
83
67
70
94
134
30
117
129
67
84
339
36
174
59
102
133
5
31
101
97
59
101
25
122
54
64
81
307
45
18
143
6
74
13
204
10
62
152
68
4
10
16
56
16
264
22
38
41
57
125
420
57
29
26
257
126
88
159
12
275
39
14
32
59
34
50
62
120
68
448
28
36
44
28
241
81
6
113
102
35
85
17
187
19
123
83
822
4
8
123
83
117
111
150
89
18
49
210
69
40
32
24
69
40
105
88
67
53
65
27
301
444
136
266
82
31
36
567
36
27
43
25
46
151
71
192
75
87
288
57
9
74
47
22
76
55
126
66
97
199
28
53
30
113
20
12
59
179
16
157
94
48
103
96
21
116
60
86
48
36
108
46
29
38
170
105
167
165
287
154
109
17
17
20
89
59
113
86
29
74
196
203
68
108
74
214
32
81
101
182
99
58
69
46
228
10
197
61
24
234
23
151
45
165
148
110
97
26
24
157
23
380
36
403
24
51
49
119
38
19
585
95
24
203
4
86
66
24
13
210
88
45
68
20
54
114
60
34
93
17
161
44
38
61
43
59
67
16
142
316
225
59
27
26
15
83
16
50
13
118
74
19
58
331
86
89
150
146
13
112
70
44
88
88
51
26
255
112
104
129
100
53
161
46
74
587
23
35
125
151
97
48
85
71
78
95
60
128
273
66
72
30
70
363
100
130
75
111
232
13
41
87
40
113
91
111
197
4
73
36
75
153
318
37
191
38
91
132
93
38
50
24
230
31
148
28
33
32
5
93
24
219
48
174
124
61
92
121
70
13
73
121
98
36
85
282
11
9
242
37
91
34
82
12
38
21
143
270
62
9
19
89
52
74
86
10
10
13
55
333
84
67
175
40
119
21
116
57
37
67
108
163
179
53
28
165
77
108
67
70
99
93
172
109
109
110
41
261
4
146
281
32
114
82
53
106
86
69
161
94
99
12
143
10
113
778
133
134
349
143
75
46
68
43
46
24
82
231
60
79
135
129
276
253
22
52
81
3
119
18
133
51
16
54
189
89
23
45
43
40
125
40
159
118
171
95
160
141
171
133
115
49
116
11
102
79
197
250
49
15
104
71
40
21
103
42
10
95
55
158
251
47
43
72
41
29
47
57
35
74
58
24
51
57
26
216
134
112
57
81
25
89
24
78
43
44
131
133
12
173
343
65
73
74
75
45
171
647
509
698
51
371
117
31
48
57
72
31
40
64
42
63
68
44
18
39
357
18
63
171
27
75
42
132
11
124
57
18
83
55
142
69
122
97
351
42
92
160
54
129
46
60
276
171
16
37
151
71
87
31
89
27
128
118
6
125
40
58
10
89
85
63
76
68
62
78
188
67
51
291
231
104
270
9
22
22
19
93
44
25
153
54
38
17
60
45
37
2
9
3
91
30
12
13
35
128
146
42
12
55
68
119
83
193
164
16
105
66
219
63
108
155
36
19
49
40
49
32
25
140
177
155
35
124
74
16
156
33
169
22
24
70
44
68
15
37
37
12
32
231
109
23
61
77
20
46
125
65
44
86
77
37
27
26
17
33
496
22
25
139
17
39
183
36
37
197
115
139
83
39
90
57
35
20
102
289
27
134
39
24
35
431
61
107
48
20
46
208
18
84
137
182
73
63
239
199
11
53
52
161
85
33
240
16
54
43
55
450
70
104
37
6
11
29
232
120
21
31
53
97
38
65
227
33
53
62
66
25
156
29
161
48
147
60
158
46
43
36
24
58
168
25
88
35
24
25
187
4
30
27
67
42
12
77
113
47
39
27
187
49
68
80
12
81
146
63
132
142
6
59
35
156
12
39
60
65
26
39
7
70
121
29
152
32
188
42
8
1137
170
51
32
41
23
20
93
133
113
403
62
101
115
20
21
26
271
97
29
31
126
22
13
50
23
50
11
234
69
62
167
25
21
50
378
29
30
8
120
33
22
54
9
75
5
70
87
45
123
185
27
40
95
64
33
447
304
1022
94
53
69
102
315
42
54
232
11
257
71
41
67
57
50
86
24
19
47
243
426
104
128
75
63
28
155
100
30
77
59
192
37
63
160
52
26
56
31
23
70
9
226
57
69
22
63
80
65
58
70
78
29
37
23
91
85
201
357
117
20
116
31
18
111
14
155
23
245
58
103
91
41
208
62
103
98
45
22
137
43
95
23
88
3
46
26
43
36
8
133
63
20
85
115
315
91
134
119
153
188
3
90
40
73
54
173
25
113
50
110
28
51
37
25
34
99
33
35
6
95
274
40
122
108
38
134
102
38
119
295
61
139
158
64
14
34
12
38
32
36
78
118
112
154
200
71
76
558
22
71
53
193
87
81
23
15
20
204
9
168
88
22
74
27
39
142
74
51
69
164
82
28
35
124
145
212
37
133
57
189
198
46
12
38
194
27
53
126
22
11
261
66
94
163
70
30
80
35
118
71
30
164
109
55
39
69
33
132
24
302
85
208
58
39
45
76
44
63
230
51
47
33
56
293
29
254
38
234
45
9
17
260
14
106
211
23
188
65
32
32
31
36
77
162
22
104
113
323
145
231
114
24
31
26
173
53
379
21
85
24
27
32
33
174
84
123
77
111
66
27
22
36
96
51
194
65
47
35
52
92
258
68
63
175
40
124
89
153
7
2
90
361
130
90
10
22
70
27
35
28
44
67
103
68
143
35
144
20
76
16
70
102
206
87
67
21
109
55
68
134
146
23
44
124
8
68
48
97
101
49
27
136
90
78
66
117
13
82
410
109
81
197
105
99
362
169
37
70
38
147
7
107
229
82
444
256
68
6
59
18
34
139
147
104
113
71
344
75
60
316
25
196
88
86
17
59
127
28
64
42
22
49
36
29
43
24
39
31
135
120
131
22
74
331
50
36
19
69
85
230
142
59
27
18
48
75
19
5
73
37
102
49
127
30
76
118
5
235
360
21
103
140
242
36
312
26
65
78
72
25
100
17
100
27
25
16
23
27
56
27
58
84
45
4
44
210
83
28
91
38
70
35
52
67
69
107
82
30
43
26
9
70
15
60
6
45
160
74
74
24
175
116
194
56
154
59
95
77
17
30
38
14
53
202
233
438
185
81
459
320
141
136
106
30
22
48
102
34
23
53
286
31
19
116
116
56
24
24
130
179
80
93
50
76
17
23
29
134
111
62
26
47
226
34
28
21
96
227
12
30
339
41
194
188
51
59
20
82
62
151
25
72
221
68
79
91
190
173
174
161
50
36
69
61
167
88
20
682
65
347
64
14
110
48
8
58
96
119
74
6
2
51
54
4
7
38
253
45
64
103
18
41
162
40
234
142
85
173
151
14
111
86
17
100
267
201
35
130
33
28
69
82
96
92
40
20
14
55
64
35
75
156
168
513
233
40
54
106
27
82
74
37
31
67
27
109
87
21
137
43
23
47
40
83
30
84
56
106
28
144
45
55
293
72
22
294
71
17
99
77
147
31
54
44
80
38
122
39
48
224
80
50
74
4
38
24
74
36
48
34
129
89
48
86
53
41
59
28
38
55
94
6
24
29
42
52
68
230
41
33
16
18
65
47
28
124
75
115
56
161
31
31
74
23
40
18
17
84
49
22
295
36
25
138
17
274
80
82
92
137
57
50
193
106
54
59
18
25
18
65
33
30
128
61
135
91
53
451
49
61
89
131
220
78
42
21
56
19
24
111
131
29
57
66
5
30
20
415
13
27
37
64
95
55
76
159
31
37
76
24
31
176
229
51
59
105
58
378
355
1919
245
35
23
108
58
105
110
103
30
251
21
158
73
78
28
168
39
123
40
51
26
28
114
6
20
10
103
71
17
91
120
115
22
29
25
389
69
215
90
99
70
12
127
25
106
105
167
229
10
31
284
161
37
32
30
66
1125
19
13
14
33
58
289
95
32
19
16
130
66
168
25
74
44
347
65
226
51
34
12
47
49
137
11
101
62
82
155
102
186
105
241
162
75
163
19
37
33
36
40
2
102
206
34
243
16
38
134
50
69
38
56
36
21
351
293
20
48
37
12
236
100
48
44
87
413
28
157
95
49
74
50
85
46
229
29
22
76
610
244
183
80
53
149
23
172
468
301
69
139
35
46
211
54
30
41
161
96
51
95
187
43
707
132
33
45
22
103
169
75
44
43
24
69
25
93
183
236
27
62
42
31
62
128
21
296
20
58
24
50
33
128
30
112
5
6
5
54
51
22
33
100
216
32
9
65
256
12
25
23
30
102
70
30
36
3
2
8
223
75
32
49
271
56
40
164
43
37
24
217
37
28
62
111
21
164
20
226
72
85
27
84
30
93
18
42
52
60
372
81
17
113
21
39
12
175
105
30
61
61
5
36
41
26
79
211
127
26
8
139
34
344
132
47
119
37
97
91
15
16
25
120
171
42
82
118
195
59
30
84
56
163
16
82
151
30
82
50
98
17
141
210
110
38
8
72
40
236
281
80
120
28
51
67
59
153
140
145
152
44
149
132
18
66
6
87
19
25
46
38
335
109
19
100
30
79
58
160
431
174
60
72
431
36
111
19
145
42
196
90
85
31
135
224
149
21
99
63
45
67
28
305
96
104
36
21
95
28
12
148
100
69
219
140
129
86
511
1838
14
2
30
207
31
57
225
13
88
68
157
28
23
50
58
70
140
74
29
45
143
85
98
159
87
34
77
153
39
37
30
39
72
239
4
92
3
209
28
44
78
70
37
56
93
46
48
42
94
62
124
301
44
66
13
12
314
31
10
39
441
127
60
43
33
15
43
42
73
59
4
5
70
53
56
61
9
23
137
147
60
78
58
24
225
52
60
66
64
93
43
20
155
59
24
46
36
52
42
29
111
30
290
450
38
106
66
215
42
86
136
295
47
207
69
29
109
10
44
27
82
82
27
15
51
217
62
137
18
157
17
44
30
150
87
18
47
132
35
17
102
29
265
181
249
72
185
131
30
69
12
209
104
200
87
84
56
132
42
20
26
103
473
177
75
1101
85
26
152
398
110
699
25
153
128
103
88
31
62
65
69
52
19
55
75
20
56
140
83
52
23
43
96
126
193
157
260
44
102
17
6
23
161
65
68
13
33
111
64
69
90
69
161
118
92
5
39
175
510
49
136
20
8
83
8
199
250
10
13
192
11
8
12
15
10
65
377
375
17
10
19
12
420
322
58
341
168
36
203
12
87
156
24
166
51
37
20
57
239
105
94
40
50
55
67
23
69
38
60
62
104
149
76
276
39
36
87
103
122
60
483
8
46
26
59
284
11
156
22
44
114
39
64
304
111
51
55
30
310
17
39
297
45
72
68
19
102
39
168
46
92
9
151
96
222
152
95
169
75
178
115
12
46
22
42
62
56
183
89
50
87
40
48
48
97
52
22
70
27
9
54
365
232
56
25
101
11
31
7
86
192
27
34
31
57
26
57
196
155
48
444
263
181
156
79
220
437
77
30
28
126
67
94
62
58
74
63
87
196
65
49
28
63
24
106
148
56
22
20
99
12
45
233
128
61
147
109
70
47
49
33
49
37
35
13
76
41
51
83
104
37
79
21
112
390
113
354
99
74
24
37
45
574
42
23
405
32
12
417
52
243
61
143
212
160
171
311
53
41
66
32
23
6
198
210
29
58
136
32
31
64
6
73
138
70
58
165
216
201
59
44
291
81
292
48
152
15
63
33
48
86
22
41
62
30
70
36
47
145
234
90
90
262
103
301
129
71
59
136
98
21
27
29
29
74
6
107
79
538
15
289
53
35
26
231
146
226
105
107
250
77
224
1014
139
95
49
26
20
45
129
114
17
410
43
42
15
46
32
82
185
341
18
50
74
50
14
31
31
29
38
401
67
27
58
86
45
102
110
556
259
15
199
2639
93
42
251
13
39
100
112
64
90
176
45
83
32
75
43
137
34
37
159
18
132
235
17
96
1934
28
78
269
151
33
157
36
45
87
162
48
59
167
184
40
50
11
138
95
15
88
136
77
42
13
25
128
13
97
25
46
17
30
45
49
57
36
45
37
99
66
19
14
15
64
47
8
22
82
52
103
46
190
212
93
201
36
110
59
61
40
23
24
72
116
13
42
4
2
392
44
32
116
6
72
48
173
119
71
260
101
264
315
545
333
23
62
222
113
108
137
80
39
52
210
45
131
30
62
83
66
9
32
245
49
158
84
69
39
95
28
56
43
26
48
139
31
119
49
61
679
556
49
220
342
130
240
59
141
145
264
45
96
33
154
213
137
43
65
40
129
44
65
85
17
151
80
127
84
89
161
111
33
36
30
63
90
79
78
107
126
189
73
31
66
36
47
69
121
24
110
63
93
29
100
8
29
55
53
33
209
7
163
155
18
46
32
85
54
18
303
5
235
452
46
38
74
113
107
55
63
80
134
73
143
113
176
224
53
6
93
11
40
79
43
15
156
23
60
84
41
114
56
42
16
83
103
33
67
52
34
274
54
218
36
73
64
37
140
35
38
82
139
15
87
19
14
105
27
25
28
162
34
206
31
163
85
69
56
216
122
2335
156
66
75
203
50
23
88
109
51
25
264
318
108
36
15
76
69
47
47
97
101
159
107
22
156
54
68
36
36
84
38
106
317
151
8
114
58
134
22
24
151
50
42
206
59
162
172
223
395
38
141
95
177
109
54
31
31
25
32
39
115
44
46
45
47
35
48
52
302
25
36
26
138
129
37
81
78
59
126
73
15
57
30
41
15902
67
8
27
100
29
84
25
49
40
276
30
56
73
129
178
22
55
19
27
74
65
53
101
131
69
81
32
23
905
250
233
66
19
299
9
6
566
37
13
112
165
225
57
81
75
32
141
226
178
72
71
91
25
61
10
215
94
42
206
205
318
48
216
279
173
394
73
290
44
65
159
24
67
21
45
371
252
7
17
165
31
74
101
54
41
64
26
36
255
15
60
57
24
7
50
25
37
170
29
36
22
127
113
47
509
179
23
65
48
41
48
101
32
149
63
57
276
174
228
21
27
82
121
24
54
273
17
515
28
51
52
125
126
31
86
34
24
55
62
52
36
195
81
50
55
12
24
33
17
54
48
81
157
159
79
38
159
24
29
56
99
93
35
54
26
7
26
171
952
275
36
94
63
329
74
5
188
71
29
37
69
44
102
113
180
130
164
115
32
267
21
30
54
223
137
77
9
29
133
17
197
190
614
186
21
24
20
34
90
82
26
66
392
224
29
41
32
105
337
144
123
170
23
73
108
47
24
101
134
36
51
66
193
12
303
354
207
204
222
137
123
10
221
175
33
38
69
211
338
128
30
109
38
30
44
150
211
122
13
43
28
59
64
26
90
120
397
179
60
94
65
31
32
24
73
90
22
56
31
30
114
226
194
31
44
19
52
23
79
71
97
24
48
6
102
198
248
49
204
108
26
140
63
282
32
10
11
41
90
233
109
166
84
157
88
36
111
69
80
353
327
54
26
340
25
33
38
78
171
32
48
82
54
94
76
277
166
103
27
80
32
398
76
280
75
186
38
58
65
366
39
119
323
101
39
41
41
94
5
539
110
47
151
190
79
216
22
408
231
47
82
56
37
47
30
110
18
93
92
79
61
164
92
20
88
95
26
56
59
78
62
167
121
41
80
55
126
16
66
83
43
118
39
22
121
48
55
17
144
34
58
51
153
6
103
143
120
145
41
89
32
50
161
87
175
53
432
36
214
163
170
132
277
12
400
384
124
289
172
43
94
189
110
25
27
41
234
149
20
117
163
78
27
80
12
40
101
204
85
170
114
148
25
43
44
11
28
62
376
53
25
160
12
27
68
24
48
79
23
16
139
94
12
15
56
90
12
54
45
34
63
16
17
90
69
82
30
44
60
26
33
147
55
53
189
154
74
75
10
636
33
76
155
157
32
19
122
77
44
82
33
65
38
57
38
30
84
44
36
383
55
32
19
90
146
35
124
74
40
167
46
118
59
162
54
66
144
128
25
142
40
85
178
93
87
111
116
111
88
143
268
48
25
67
90
48
51
26
113
47
26
21
7
35
140
50
86
97
135
96
63
114
55
59
32
52
139
41
69
194
41
116
178
43
47
67
574
187
93
28
182
62
232
40
20
23
124
209
130
132
298
297
81
12
452
23
67
71
29
48
30
32
16
84
73
43
55
93
51
23
122
425
58
365
34
291
80
86
111
293
48
49
113
30
29
71
222
197
26
77
221
68
88
27
28
28
61
59
114
38
26
106
38
288
77
26
18
25
143
33
26
22
103
74
22
124
84
34
155
17
150
97
63
114
38
107
198
190
3
35
136
146
31
18
30
28
98
54
14
19
74
168
100
34
89
37
41
83
47
82
166
49
41
56
57
140
403
132
56
116
55
33
137
56
34
50
31
56
171
195
194
38
729
44
75
32
24
36
25
34
36
114
17
95
79
53
11
7
33
63
75
56
118
165
93
35
198
161
643
22
13
49
20
7
8
7
7
413
26
59
13
11
54
36
17
67
76
305
76
21
52
11
43
100
232
19
97
29
57
10
69
110
127
77
61
53
84
36
13
149
75
46
6
45
51
129
324
35
272
304
232
11
99
4058
31
138
18
240
44
74
23
115
17
42
27
34
22
33
139
48
80
102
112
52
118
72
68
78
57
313
39
385
57
79
36
12
391
42
39
174
47
99
283
184
70
226
24
98
117
46
41
47
32
611
37
286
27
54
189
170
29
225
36
31
209
37
21
104
173
103
7
34
42
23
45
41
20
28
4
168
65
51
94
96
58
4
30
10
17
50
112
97
274
17
240
56
29
67
38
120
170
24
22
25
260
33
232
234
10
20
71
130
256
44
100
118
39
154
32
118
159
26
26
24
69
22
21
45
40
75
437
259
30
19
53
37
21
80
76
35
344
32
109
41
31
40
70
16
21
279
603
24
119
110
42
67
79
279
49
27
122
176
8
47
69
9
21
20
56
40
22
124
162
113
266
116
77
213
77
4
8
125
259
36
69
45
109
248
97
67
11
108
28
37
11
212
30
104
115
229
175
51
63
21
107
3
75
47
116
161
150
75
220
10
3
1541
66
59
67
21
218
88
287
109
191
26
36
91
79
57
98
61
24
36
76
126
76
38
97
147
70
91
290
71
26
215
60
39
123
42
89
51
124
135
224
27
718
103
52
94
35
134
90
89
71
54
33
208
161
20
59
56
9
27
9
53
112
22
167
91
27
40
143
45
18
38
3
14
113
341
154
212
15
79
22
51
262
54
77
196
55
60
43
128
119
61
84
64
66
108
113
116
47
108
369
224
200
73
64
34
57
134
50
166
133
125
39
100
227
20
95
123
114
21
102
37
104
163
40
34
127
13
15
35
42
27
90
110
175
60
10
108
63
128
164
19
53
36
91
43
437
138
43
266
92
131
25
107
192
82
252
573
286
354
136
47
770
56
116
437
63
56
97
202
204
178
189
99
265
62
45
46
277
91
74
36
177
35
52
55
31
13
393
38
66
25
53
89
37
33
176
30
4
38
61
8
52
166
163
77
147
28
90
205
26
336
36
391
47
39
122
193
4
35
41
170
101
164
46
27
58
50
91
58
62
315
273
150
677
43
39
27
52
26
68
260
13
48
102
81
166
892
21
194
32
40
104
79
194
14
12
75
27
84
137
28
33
81
14
31
96
44
91
101
147
21
53
54
49
558
192
28
78
61
83
102
232
82
226
209
55
94
45
118
132
35
101
13
226
64
83
15
40
42
53
29
156
45
144
58
233
59
203
96
171
143
24
26
69
126
49
91
60
116
116
56
127
30
85
36
124
154
19
55
95
31
41
12
79
21
66
64
77
31
30
80
47
92
105
251
54
44
22
16
2411
203
159
101
131
120
105
140
147
34
116
30
43
4
37
8
293
9
388
17
55
113
42
376
39
142
41
50
104
22
12
54
12
58
58
271
121
30
119
107
5
4
64
88
213
157
46
45
26
55
154
26
8
105
71
59
51
18
82
237
55
424
221
25
278
220
31
25
72
29
73
133
37
59
319
42
30
52
185
70
71
115
90
140
68
112
171
55
62
134
86
55
27
84
504
41
44
137
7
85
31
9
99
162
85
844
63
87
67
105
46
30
194
39
38
19
123
62
58
161
80
107
86
175
185
30
104
44
87
51
122
145
124
18
206
79
45
42
207
165
21
81
67
63
52
46
112
126
15
39
164
28
19
22
83
27
49
151
86
35
959
339
65
46
86
29
88
490
29
30
103
72
39
26
22
39
33
18
14
569
18
22
110
56
46
297
19
43
77
26
47
99
43
150
62
52
65
17
117
75
25
38
77
50
43
55
72
89
11
56
45
37
64
75
27
63
51
23
160
69
59
133
69
363
118
82
45
49
69
78
13
55
216
47
22
120
42
70
69
198
182
49
34
110
61
43
46
67
43
275
11
44
60
20
45
53
220
78
223
100
678
245
13
39
124
160
4
2
71
120
50
62
40
15
61
176
119
98
21
59
159
155
18
118
19
321
45
20
61
24
67
406
39
79
30
397
51
144
39
18
19
78
189
56
55
143
55
30
16
405
60
17
49
77
32
350
67
87
165
39
79
20
194
106
22
34
26
108
16
254
71
25
18
65
29
146
112
14
85
133
13
108
325
407
94
161
164
27
74
117
72
21
50
43
29
23
106
76
54
5
35
184
77
391
87
63
114
15
158
27
31
164
25
41
173
36
726
138
253
28
171
304
27
144
176
84
21
114
152
50
19
65
61
66
132
208
25
128
8
2
105
330
7
457
129
190
102
31
43
154
184
54
54
39
130
214
79
68
135
45
62
33
15
55
94
268
275
171
42
60
87
79
11214
59
67
66
119
33
40
70
31
59
31
46
48
63
6
4
20
13
59
7
8
25
87
49
6
18
13
45
14
56
45
38
68
26
52
42
87
75
24
182
189
132
85
91
179
36
63
61
69
146
22
64
83
41
35
140
37
94
74
85
43
115
114
352
92
4
93
40
33
28
108
66
93
42
41
59
72
33
74
51
108
19
115
50
81
61
100
23
135
37
130
71
70
36
59
23
10
10
6
9
20
12
202
38
42
117
129
19
154
33
107
146
21
35
105
64
120
103
53
38
55
13
24
98
92
54
69
405
93
88
81
30
31
39
42
21
55
16
437
81
29
49
72
15
35
25
126
11
35
196
285
770
8
229
74
93
81
2
63
24
32
27
240
12
62
97
39
158
92
58
76
199
13
31
66
75
52
242
57
28
186
61
83
79
68
117
42
26
34
74
80
80
87
26
25
80
35
48
65
69
28
55
38
82
76
186
106
98
129
215
9
73
25
44
34
80
136
82
54
539
26
122
323
38
102
168
124
46
322
202
32
70
41
56
61
55
53
36
40
31
80
39
225
303
135
52
95
122
45
20
167
62
134
238
27
78
13
139
66
28
63
29
79
191
64
112
53
47
87
94
28
13
118
61
62
41
69
26
70
75
13
58
137
168
167
20
142
98
239
112
44
34
65
248
49
52
54
203
161
505
85
91
7
7
14
41
26
146
185
43
45
88
23
16
70
176
55
30
40
45
130
16
621
35
492
429
151
177
92
446
113
26
137
72
185
56
55
121
87
14
33
34
74
287
53
151
18
54
49
104
9
176
377
214
148
164
61
254
66
147
149
123
109
73
274
38
51
25
77
168
26
32
85
37
32
43
47
128
22
39
146
119
1037
138
190
42
44
22
26
28
31
69
80
122
51
60
121
85
98
91
45
228
241
152
49
216
110
248
311
27
77
67
51
142
41
91
302
12
70
13
16
23
66
199
23
21
220
36
53
30
52
8
746
31
95
39
393
196
25
24
86
27
14
55
406
136
59
116
119
62
146
19
63
29
36
128
46
90
31
85
158
66
28
65
32
42
85
39
13
18
174
33
4
160
56
101
45
405
27
480
36
26
44
81
67
26
85
67
22
270
25
64
216
25
73
351
650
23
58
102
19
102
161
606
107
118
108
132
68
188
237
33
50
27
281
133
44
91
176
56
136
45
75
11
184
173
27
124
214
92
124
112
140
163
36
24
47
2
35
68
22
180
44
234
28
18
7
65
67
16
18
40
154
93
43
41
52
82
52
117
39
152
42
63
139
19
93
78
53
23
78
25
51
15
188
10
21
53
168
32
61
133
83
186
29
64
55
120
105
35
107
14
16
142
19
147
94
73
34
220
210
72
37
70
35
70
128
77
36
14
23
37
151
61
24
36
87
87
11
44
57
63
110
168
97
149
88
52
91
24
80
136
141
98
133
47
154
19
79
27
61
79
71
7
39
19
25
37
35
22
148
158
73
379
145
8
68
56
95
26
27
3
42
62
145
22
40
33
15
100
41
20
126
221
26
85
41
57
319
233
59
156
102
180
25
20
44
173
98
3
14
2
4
65
553
240
208
36
176
47
103
38
14
22
93
85
83
14
72
227
69
69
111
26
40
100
114
128
45
63
26
67
24
45
21
29
279
211
146
103
2366
224
42
91
118
128
37
35
48
27
83
191
65
25
33
19
69
197
27
65
217
32
80
39
51
83
407
27
120
18
76
158
184
103
86
31
22
95
6
23
54
107
35
232
36
26
241
32
351
31
63
5
21
43
159
141
73
23
476
186
83
97
28
28
87
40
136
9
146
115
29
53
1682
119
373
5
32
44
16
195
49
76
38
1219
47
173
393
325
141
32
138
21
56
85
44
62
82
167
56
241
36
199
230
135
105
55
95
38
181
30
106
144
83
99
18
32
73
29
67
61
279
61
149
33
52
190
43
167
128
52
529
143
73
174
25
141
89
31
31
32
29
36
34
117
87
829
6
5
5
69
40
345
99
465
93
93
237
22
31
18
37
34
106
24
44
74
48
28
68
49
19
152
370
58
47
105
97
59
72
116
48
24
72
281
159
4
49
190
28
56
96
241
76
68
27
121
11
28
84
42
31
17
143
125
196
1943
1591
43
451
79
175
29
38
35
115
54
104
163
30
45
221
114
202
75
98
49
74
150
21
35
73
45
98
144
174
15
25
64
75
31
129
37
52
28
85
59
38
80
309
37
46
62
68
23
39
89
37
67
81
120
110
111
159
145
63
14
420
195
67
10
38
43
174
22
252
197
78
69
112
12
96
10
31
98
10
3
41
181
58
75
202
14
42
234
128
42
214
73
209
70
22
148
136
100
29
44
56
47
121
35
27
15
49
37
42
98
35
499
43
150
37
51
157
7
7
73
42
105
88
119
147
95
79
62
35
99
14
62
241
46
44
87
35
35
165
54
35
26
40
29
56
66
39
396
54
18
135
22
198
39
6
31
257
7
71
299
94
94
239
62
291
79
865
915
632
164
114
34
24
141
91
15
81
120
136
138
177
44
207
63
138
249
41
407
146
55
52
16
145
55
8
48
63
62
63
70
40
79
174
27
29
190
49
56
76
401
4
5
11
11
5
6
3
44
29
63
38
52
26
18
41
95
39
36
139
51
175
34
106
20
40
294
35
79
25
110
123
155
64
59
18
23
86
251
43
25
121
71
285
86
30
152
24
22
43
70
46
18
136
44
56
81
114
12
51
15
55
90
12
27
85
12
13
17
74
29
41
201
48
42
48
179
13
16
57
56
109
21
16
76
84
250
59
35
33
9
47
204
17
11
222
89
222
66
92
31
25
99
60
6
16
18
41
77
33
61
147
12
168
109
38
57
22
296
36
22
71
170
52
94
471
122
469
23
96
114
426
110
61
28
28
244
70
33
72
22
43
61
114
168
100
73
99
35
44
51
62
39
118
58
37
7
59
108
31
96
80
49
94
55
83
230
59
229
23
92
132
61
70
91
339
236
128
103
26
88
60
27
46
181
484
32
75
43
179
81
6
173
31
18
49
70
16
19
75
386
87
185
429
633
51
241
82
52
12
43
45
30
30
229
34
27
328
283
90
67
110
22
103
105
63
277
116
43
9
164
76
1256
52
57
81
22
116
54
133
245
8
4
96
147
239
59
40
48
58
24
159
63
82
112
229
27
15
85
44
41
141
6
25
49
784
38
23
23
59
11
42
31
185
41
11
27
72
180
21
52
157
127
63
261
21
27
187
150
369
78
47
4
67
36
19
43
18
179
12
90
530
53
55
127
98
84
8
50
14
55
134
29
70
184
236
200
144
39
34
87
24
58
11
49
263
35
15
61
312
155
144
121
3
6
173
122
543
127
2
64
64
45
42
11
62
76
126
22
83
249
15
155
39
22
12
10
6
19
194
278
171
74
155
181
126
186
83
136
100
30
22
7
45
80
29
32
50
66
135
187
51
58
280
47
19
15
179
172
376
22
25
165
85
295
9
15
8
5
7
8
93
61
271
36
70
70
20
35
332
43
25
5
56
292
42
223
48
26
24
180
58
159
6
102
23
124
34
35
14
89
81
111
183
103
15
28
260
266
88
417
18
29
20
80
68
77
166
144
63
17
45
28
45
177
191
88
41
8
6
15
10
64
23
34
88
12
55
36
58
105
13
285
70
197
295
95
77
35
17
30
29
160
192
128
21
58
66
108
53
137
38
122
47
75
76
35
28
37
123
232
220
141
325
23
83
63
74
69
30
198
78
93
133
50
63
57
153
40
194
53
149
182
147
330
367
51
4
55
119
252
12
106
12
36
80
24
37
636
63
36
118
164
18
25
43
202
51
47
67
19
24
52
346
143
22
45
68
244
70
118
22
60
143
95
97
179
34
81
16
56
41
39
45
189
61
248
24
88
38
52
91
31
27
320
48
66
87
51
5
160
111
44
85
164
145
18
55
32
14
3
57
23
128
127
170
26
80
28
256
30
52
220
146
65
214
57
4
81
45
28
33
81
120
9
16
24
170
271
43
46
52
75
53
26
99
17
20
58
80
90
121
114
103
7
163
29
51
86
13
29
193
158
33
73
25
101
18
94
106
41
27
36
34
47
31
414
124
38
54
50
116
193
71
53
155
160
197
15
106
48
177
38
33
100
34
75
132
68
79
121
87
20
80
47
61
22
105
188
26
42
111
185
102
41
98
42
42
31
77
124
87
70
26
196
59
61
764
62
4
50
163
95
172
15
53
112
60
36
42
117
193
99
49
28
22
83
45
358
26
258
29
92
35
39
22
62
105
21
35
52
15
49
101
146
22
78
57
21
35
111
128
120
55
42
81
69
99
20
160
41
35
77
33
37
82
37
63
164
70
33
101
40
142
25
38
13
63
51
105
53
72
4
30
63
36
75
46
41
38
39
119
82
65
7
28
75
43
115
13
125
207
64
29
17
6
77
44
93
29
89
37
99
153
26
119
51
295
29
71
230
80
90
293
20
10
46
177
61
421
247
55
27
52
29
36
27
119
219
183
42
46
16
56
78
54
26
9
1010
135
29
146
71
141
93
199
21
111
176
1176
57
28
66
101
104
57
60
10
27
159
65
101
77
34
84
71
137
87
100
141
81
25
121
88
29
39
4
26
35
116
36
220
109
119
56
42
83
59
59
131
104
42
129
22
52
78
29
12
12
96
123
123
35
62
111
109
222
179
90
50
3
124
103
36
105
59
129
76
235
116
40
35
54
63
133
8
31
89
26
41
39
47
26
15
8
43
37
212
31
42
31
58
5
10
27
106
3
2
138
54
61
71
104
379
175
51
77
82
51
29
27
115
82
66
31
24
109
65
67
49
31
63
85
25
33
50
50
47
70
58
112
26
180
87
18
246
607
176
173
86
72
34
24
300
39
60
19
89
127
419
210
96
31
47
26
51
42
114
176
145
82
446
51
127
107
391
98
208
43
36
102
40
25
63
137
94
184
150
73
209
102
50
192
127
57
332
16
159
54
37
187
420
34
40
20
19
82
30
61
119
28
18
427
24
197
19
52
141
46
15
23
157
101
10
129
18
51
36
76
471
131
158
31
95
55
105
70
82
38
80
24
28
27
68
129
337
20
29
28
195
58
321
16
88
38
48
28
169
6
25
26
113
10
182
158
67
104
98
347
33
67
494
162
78
39
29
147
16
70
22
48
22
74
88
67
57
40
72
220
8
128
74
33
101
184
79
1105
85
56
82
129
384
27
48
131
107
117
362
42
63
72
85
160
8
27
201
174
39
111
36
118
29
50
68
25
21
411
43
35
210
72
59
56
47
88
48
32
40
75
126
23
31
359
68
111
81
45
32
324
65
93
191
175
239
59
41
48
166
228
264
27
84
92
42
75
25
204
25
25
118
111
11
194
46
70
134
19
56
97
48
56
53
110
72
25
94
105
324
52
419
6
21
113
47
124
29
122
151
43
57
58
10
134
50
78
35
169
24
57
80
103
24
150
88
37
34
19
86
31
39
74
38
65
3
135
12
93
19
31
78
11
57
59
29
97
27
87
16
173
55
142
94
51
21
59
30
248
17
16
152
150
108
31
57
17
31
108
117
49
333
52
30
21
119
57
123
112
281
68
93
89
45
57
289
44
99
20
113
53
100
50
232
161
22
770
18
22
51
36
141
167
56
27
37
40
95
257
18
23
19
234
31
19
155
121
72
174
15
112
44
22
24
192
212
33
39
51
201
217
36
68
72
25
59
94
27
150
36
432
24
156
219
28
76
53
45
63
33
43
44
113
12
181
20
18
26
9
66
23
23
10
878
7
39
65
47
12
11
178
625
22
219
41
48
59
35
40
93
34
217
81
81
180
31
24
125
28
114
75
32
150
49
181
66
45
68
119
189
28
34
268
58
27
45
81
17
336
123
25
35
78
109
39
46
57
24
55
162
89
36
241
214
15
8
87
203
104
805
27
83
113
188
56
151
48
351
7
193
101
70
141
31
102
34
369
23
127
45
55
110
123
85
61
45
52
35
42
31
81
171
105
31
200
45
39
142
177
36
28
59
74
27
114
167
116
34
57
74
57
43
48
287
195
458
167
22
65
185
58
60
16
30
20
133
289
178
98
47
170
31
62
36
6
74
214
44
92
220
10
450
37
73
128
43
69
33
42
28
30
205
162
35
23
4
16
106
72
40
26
31
9
142
41
76
41
77
87
36
83
179
66
151
263
44
4
90
28
758
53
35
105
377
377
209
165
8
15
34
42
83
68
124
40
6
47
89
29
116
36
20
55
17
28
50
20
339
10
66
108
139
83
36
113
40
56
42
85
120
73
5
31
103
69
23
29
25
62
153
144
12
35
47
25
337
30
46
34
42
80
118
79
59
75
66
79
99
62
120
51
24
82
44
72
119
43
99
56
50
79
33
105
36
95
31
2200
65
45
219
78
94
42
25
33
148
37
68
87
149
31
143
276
46
107
17
100
39
29
54
6
89
42
172
26
148
26
137
113
36
279
57
31
70
109
248
74
257
39
77
48
52
47
74
6
4
5
13
138
134
172
144
112
42
116
73
538
53
28
27
35
23
142
22
72
180
171
30
138
752
251
74
38
40
70
83
30
148
100
78
41
65
128
116
194
81
119
142
136
184
22
70
49
261
136
264
6
90
33
55
427
144
104
294
42
2
3
6
17
216
165
39
137
94
547
48
46
30
73
36
252
34
89
74
246
213
100
112
46
192
160
15
27
82
96
13
7
124
12
82
69
409
66
239
94
61
15
38
45
64
163
29
19
95
54
73
68
34
47
126
180
103
43
435
102
104
23
8
75
69
57
26
80
33
288
96
83
34
18
86
97
100
19
73
47
66
35
24
27
91
39
147
43
123
68
19
130
233
131
296
21
27
199
154
76
75
4
25
75
177
222
130
89
11
27
60
121
24
95
103
22
23
19
121
140
198
173
66
56
25
257
82
100
121
253
25
193
142
76
107
66
84
164
199
323
19
84
36
60
42
171
93
54
179
111
45
78
59
34
89
212
182
25
52
44
143
47
35
202
85
103
167
105
12
66
77
75
45
26
184
32
181
111
351
118
135
359
118
143
137
35
39
42
161
38
24
62
184
500
107
74
84
48
89
171
134
148
339
29
37
92
89
37
58
27
96
205
160
238
7
39
50
30
260
80
264
26
49
406
56
85
117
111
23
113
93
78
63
67
46
98
34
70
186
117
51
264
46
89
108
98
18
27
37
44
113
23
170
232
42
61
27
42
273
25
34
65
18
59
169
95
19
166
168
30
56
81
36
65
77
257
148
54
50
77
137
47
5
97
30
255
88
30
61
51
342
33
117
39
20
36
39
3
46
73
64
336
155
5
38
158
58
28
238
85
74
84
119
14
49
20
154
31
47
180
19
59
30
109
94
28
184
31
35
10
262
383
47
199
3
131
33
182
43
40
65
37
52
40
56
84
162
49
27
73
51
56
81
1933
117
88
22
144
74
123
109
68
88
265
77
60
48
34
47
65
131
32
425
49
22
147
108
126
5
43
71
86
92
49
62
47
87
116
72
76
180
46
118
137
61
242
121
15
44
319
291
242
45
37
65
150
196
55
66
7
209
24
118
136
214
134
36
7
6
189
53
109
20
71
88
25
122
79
151
8
77
83
24
38
47
55
181
44
100
30
36
37
71
87
83
24
130
10
33
50
243
30
184
156
40
52
25
12
257
33
108
246
547
19
69
309
80
71
54
25
70
14
218
45
144
79
90
86
277
12
282
46
41
65
78
124
51
34
84
66
186
38
82
50
111
49
76
346
114
67
217
48
23
44
27
118
91
138
35
97
23
86
94
119
59
63
84
136
85
72
45
16
65
105
21
56
78
56
10
314
109
59
433
61
22
216
29
69
134
52
103
81
65
132
105
131
241
270
534
11
87
22
25
27
159
111
109
38
59
12
37
93
22
29
43
122
184
124
50
54
23
39
41
151
20
26
159
840
764
40
129
21
123
77
3
285
31
90
31
50
45
219
362
72
108
2
65
506
403
178
533
41
35
363
123
59
15
77
96
64
44
33
61
53
11
118
31
10
36
180
239
85
358
477
137
101
23290
22
260
375
83
288
409
571
164
147
321
531
142
125
5
96
114
86
32
17
71
33
123
316
109
40
54
67
20
23
24
633
26
18
30
58
44
101
176
136
230
116
43
404
45
96
45
55
86
42
96
56
69
84
44
41
27
27
22
196
105
139
128
168
159
236
98
201
72
71
36
210
3
9
49
63
75
34
36
54
227
21
33
85
51
67
8
84
22
64
29
178
14
52
377
87
334
19
34
73
80
22
22
23
38
490
528
253
47
38
34
251
32
138
52
43
38
96
96
28
6
62
61
25
15
14
26
20
61
85
38
62
14
7
117
230
19
41
28
73
26
65
52
40
107
107
54
50
41
26
200
33
33
43
122
40
173
115
33
71
29
73
9
17
105
37
66
29
58
60
235
47
21
54
38
115
338
82
11
174
90
63
96
5
17
85
204
22
99
6
24
74
53
479
66
6
270
200
101
51
81
29
387
68
81
24
184
210
30
53
96
91
22
198
85
37
194
56
91
185
32
96
43
179
43
48
50
22
58
19
118
64
75
88
191
196
2125
215
118
51
47
9
65
566
132
46
101
58
64
28
82
60
84
60
28
119
98
74
98
61
201
284
59
98
22
86
31
15
97
92
73
75
57
88
130
214
262
62
27
96
68
142
310
17
157
41
349
155
33
172
38
23
4
25
18
93
29
63
51
53
64
54
50
81
132
95
188
26
29
8
22
81
264
134
80
54
123
426
41
86
75
54
110
38
125
114
160
142
76
22
53
57
179
10
31
34
48
64
144
83
92
72
202
265
48
15
49
33
208
103
101
55
70
65
31
79
159
95
208
68
221
88
283
140
32
140
167
81
17
97
20
21
4
31
100
36
77
237
499
61
78
157
84
57
86
51
137
53
25
89
69
38
32
497
108
64
40
188
32
124
64
342
146
29
109
80
207
41
36
38
75
56
34
33
143
119
107
108
63
37
26
57
104
128
12
206
20
43
28
68
53
14
79
35
159
60
116
94
399
80
186
32
29
31
29
421
10
19
162
18
20
132
34
108
95
8
2
75
72
85
98
107
113
20
24
138
186
103
79
85
171
37
31
31
76
40
31
18
3
559
60
6
41
54
222
89
43
34
275
618
43
155
103
58
3
85
99
57
7
6
3
5
4
4
6
5
5
5
4
4
5
4
5
5
4
5
5
4
4
4
5
4
5
4
3
8
19
47
116
93
54
354
65
21
104
40
115
44
189
128
68
42
152
41
112
29
4
59
117
35
71
39
89
26
30
15
41
182
154
70
8
133
125
142
36
50
217
45
46
52
50
58
31
84
176
85
315
108
71
110
22
149
25
33
48
50
28
44
73
36452
146
55
44
67
88
84
40
132
25
123
94
229
564
61
33
24
39
64
30
42
68
303
129
252
78
57
137
110
58
222
112
11
117
33
42
66
67
14
65
54
32
17
48
52
47
14
41
69
54
21
196
269
130
60
33
16
33
101
107
76
155
66
173
28
44
658
112
278
51
473
29
239
30
269
86
47
26
36
37
48
42
100
8
139
40
212
64
102
101
17
75
39
28
228
38
46
23
50
49
27
21
7
163
55
142
181
49
104
110
126
83
56
29
78
129
51
33
39
183
103
171
44
66
65
68
23
38
84
182
71
75
34
72
27
771
60
32
29
56
58
206
10
98
250
46
19
282
41
50
28
31
107
56
49
86
52
48
198
54
301
73
2658
92
37
343
175
60
233
115
75
29
45
49
11
43
22
60
139
25
12
977
17
48
187
22
213
30
227
22
112
122
250
65
146
19
141
156
57
69
82
70
66
21
147
159
42
133
114
29
128
125
40
205
273
33
52
177
101
26
53
27
157
54
99
120
52
6
37
97
75
89
38
19
53
255
34
194
10
49
7
15
192
214
22
91
47
28
122
84
94
61
49
29
72
17
75
43
79
65
43
125
134
21
70
169
116
242
91
62
222
209
169
21
64
187
17
185
52
145
109
84
50
490
406
81
178
113
50
158
82
241
84
11
8
13
16
35
7
63
95
110
35
10
153
36
43
69
40
122
75
171
22
196
76
2306
82
32
24
24
78
20
67
16
82
45
185
69
22
81
71
153
75
51
15
202
66
278
180
95
300
233
58
126
27
34
84
4
54
50
55
119
31
21
20
47
23
34
9
107
106
42
233
16
84
45
149
66
39
44
20
205
37
33
22
36
25
21
47
65
56
46
56
201
147
100
64
180
29
42
52
33
84
11
26
25
272
234
373
14
56
289
138
24
26
25
42
84
100
24
58
340
42
142
8
48
161
114
168
39
175
18
98
173
40
26
149
42
143
40
57
43
58
58
92
33
19
201
157
56
64
131
79
9
62
68
25
47
67
100
39
130
95
32
24
180
111
18
494
74
72
25
62
50
39
1410
126
28
37
38
4
100
109
73
72
48
128
130
62
36
163
713
109
39
24
200
35
71
197
451
79
22
76
87
128
131
260
412
149
151
36
77
166
14
148
235
126
22
89
59
17
34
116
33
29
114
335
400
63
76
6
57
53
410
48
19
58
60
22
35
26
19
185
62
48
652
110
64
127
165
113
5
7
6
46
30
40
5
5
36
9
6
7
31
34
6
72
5
36
12
7
5
5
105
830
30
462
55
95
24
46
26
24
127
20
45
96
174
32
41
108
115
46
12
49
92
69
50
56
18
211
125
17
89
23
164
155
57
67
57
82
50
27
28
100
308
120
128
105
117
378
38
1828
25
22
59
13
47
55
250
136
227
34
91
24
62
218
60
223
32
15
52
9
49
55
57
102
221
105
142
17
34
234
23
192
37
38
46
63
4
121
44
221
171
124
108
24
294
61
115
144
32
197
22
336
60
245
3
23
151
42
124
24
41
21
27
66
129
25
66
86
74
157
58
86
16
36
47
45
53
54
22
70
135
41
113
112
40
95
16
68
158
108
59
44
832
89
35
18
45
140
177
54
223
36
28
146
64
118
203
25
395
13
70
84
9
86
186
88
32
344
22
70
40
507
166
79
407
54
36
78
30
38
32
42
65
84
24
86
94
52
131
12
39
155
23
28
89
30
16
33
181
32
222
219
44
401
34
99
28
40
33
68
130
45
34
4
62
50
459
70
87
49
13
255
161
11
12
871
34
122
87
315
99
99
61
178
291
51
31
172
6
59
85
72
117
85
31
51
60
132
181
168
4
57
23
130
86
15
76
54
80
52
50
38
33
62
19
214
223
46
34
24
198
35
45
49
79
49
66
28
89
32
89
70
85
19
59
27
18
13
100
31
79
66
94
271
160
68
50
162
21
95
142
251
52
23
107
33
103
434
227
3
36
52
194
40
33
17
3
17
30
81
11
28
103
74
116
33
38
97
67
61
41
60
140
153
52
178
108
116
22
114
277
26
195
185
49
230
820
47
87
278
61
53
82
12
102
20
21
20
50
202
30
43
125
79
94
19
155
323
270
93
112
34
169
88
283
192
171
61
57
14
62
21
134
156
295
42
193
234
73
119
33
3
44
60
82
37
195
24
11
79
57
37
74
75
29
94
135
10
77
21
25
113
61
28
108
44
65
40
60
40
31
6
35
45
122
7
11
85
18
107
16
11
71
270
97
103
55
37
108
48
13
118
115
210
357
31
67
37
44
12
8
11
9
322
133
23
79
136
34
46
20
90
23
49
24
128
91
28
224
101
37
10
26
224
54
178
49
69
31
30
15
1362
35
107
33
127
179
225
128
82
73
41
594
186
54
116
153
79
126
57
103
56
9
87
61
48
30
25
135
81
65
152
52
80
3
95
163
464
34
32
31
33
86
48
34
135
147
86
30
71
29
123
58
94
30
46
88
88
97
52
38
74
30
371
307
142
55
25
22
55
20
169
10
149
142
98
130
19
582
513
12
90
14
27
53
134
29
18
104
128
65
86
32
137
37
32
48
350
16
23
155
156
480
159
72
49
849
225
34
251
217
38
90
42
38
9
205
141
21
73
19
14
73
208
134
53
22
154
27
48
209
236
54
19
25
54
37
100
83
36
15
10
94
27
109
17
51
143
99
34
25
17
37
29
147
76
141
150
387
15
46
428
313
157
60
54
73
24
54
54
51
31
118
42
198
44
19
217
76
40
53
36
45
130
74
161
94
252
276
11
10
67
33
62
31
63
400
122
121
82
54
34
106
172
266
32
114
145
40
12
184
154
49
47
255
31
55
89
72
618
76
181
123
146
122
131
96
237
40
64
267
334
13
10
7
24
45
33
464
30
8
210
157
28
41
113
196
408
5
211
74
33
19
3
281
72
56
33
134
76
71
80
13
39
72
315
97
53
66
51
74
69
187
171
71
24
54
8
56
65
7
14
7
10
36
103
58
36
24
62
220
65
25
82
51
69
93
55
124
99
34
183
83
93
143
161
84
97
356
32
74
52
108
57
60
502
19
269
124
25
32
21
94
219
112
118
73
37
63
59
180
86
120
33
40
19
93
60
27
14
43
50
43
20
78
515
139
26
71
35
21
69
167
65
64
115
41
101
56
128
20
54
92
81
185
84
24
32
102
93
42
42
93
18
80
34
30
52
318
176
21
88
119
101
28
184
13
37
84
3
79
242
27
205
131
43
26
68
63
72
218
20
191
135
42
67
115
27
219
138
52
47
237
56
49
60
21
57
39
28
28
126
17
120
57
13
153
174
216
8
65
113
106
38
104
64
74
37
56
23
50
98
25
19
71
102
184
27
35
39
27
72
27
77
7
6
15
17
180
39
36
118
87
38
40
31
63
102
426
118
165
509
26
16
20
7
46
91
8
69
78
58
109
99
53
114
62
56
293
21
56
79
163
34
33
31
316
49
68
20
34
97
390
172
23
16
78
28
86
43
21
13
32
35
27
69
194
14
32
41
226
86
61
65
262
39
95
93
67
71
163
218
103
47
186
36
278
220
13
23
55
37
105
67
70
97
37
214
311
9
470
30
99
21
227
327
107
108
155
469
114
16
34
51
46
534
120
344
21
93
44
62
94
92
43
50
38
27
195
60
2772
8
313
38
21
236
49
89
58
56
15
134
103
48
90
66
106
120
144
31
124
21
172
26
73
120
11
191
5
79
94
15
71
11
34
32
25
22
131
44
64
187
204
20
38
6
34
78
97
136
8
240
35
79
57
15
63
243
42
36
117
94
36
189
89
37
65
13
98
147
83
87
48
263
88
48
198
120
43
19
159
19
109
30
30
496
41
75
29
23
50
93
64
69
93
28
163
17
69
22
122
22
61
121
215
44
22
112
2606
62
170
13
183
96
77
15
141
124
93
42
45
81
52
95
51
78
8
3
10
51
100
22
127
50
7
38
82
120
124
137
89
121
149
26
38
540
39
54
41
30
121
93
35
36
661
113
72
6
79
5
40
128
57
240
49
72
12
83
92
23
27
101
20
49
18
34
84
30
48
20
73
36
99
273
26
30
49
60
54
122
28
59
199
69
75
27
62
20
30
28
26
63
51
136
51
50
20
26
69
16
105
25
242
557
88
69
126
16
119
76
106
57
101
237
101
20
140
118
11
89
895
626
78
262
33
26
42
27
46
333
77
37
35
34
44
87
112
217
98
147
24
169
20
314
268
31
244
30
56
84
229
76
387
165
131
42
105
15
24
70
14
51
289
85
68
25
17
11
45
39
189
15
22
29
112
62
94
190
40
133
81
24
211
25
72
16
48
103
12
41
45
80
131
41
59
29
17
189
51
59
79
40
75
286
132
152
91
65
150
156
184
101
145
20
4
41
75
132
20
104
70
113
26
43
26
79
41
56
226
38
138
53
32
51
71
39
26
164
220
12
422
104
140
124
190
231
67
13
144
80
117
27
65
170
187
18
40
37
142
206
173
9
264
37
250
21
14
381
66
6
59
57
9
22
80
59
56
19
71
58
67
75
4
43
305
9
184
63
34
96
27
144
67
37
25
21
116
68
425
113
45
19
31
59
29
12
106
46
110
146
82
77
104
441
38
32
82
88
89
17
138
22
58
88
33
18
47
73
86
18
73
41
12
113
36
48
42
74
46
84
37
85
112
30
38
678
43
286
7
147
72
115
78
29
75
39
139
232
117
278
71
59
33
173
88
103
217
11
75
182
700
11
157
8
24
75
162
48
129
124
6
16
105
46
6
153
56
27
86
37
142
3
63
151
296
231
204
15
79
43
78
83
185
142
134
42
52
47
28
8
119
16
83
90
22
63
157
25
37
88
28
111
75
131
33
55
17
26
196
9
9
149
24
49
68
63
109
110
101
118
386
341
45
78
25
154
68
69
160
114
260
104
144
175
187
136
70
331
89
87
135
23
157
55
48
137
745
52
82
302
260
46
59
20
193
69
125
244
27
95
40
93
154
13
88
326
37
77
62
67
205
166
146
241
112
26
92
32
188
104
485
30
95
198
33
107
89
71
96
95
235
149
120
239
140
143
39
31
38
26
329
111
287
93
37
53
48
488
213
373
43
103
26
19
42
44
59
102
60
259
123
117
99
148
118
145
76
17
152
56
81
268
87
85
26
17
15
116
106
110
33
40
43
319
40
62
24
62
98
211
61
97
153
212
64
25
35
122
44
27
27
26
29
40
57
21
267
41
37
170
29
116
129
81
127
28
168
54
65
46
35
76
536
232
52
202
45
37
12
70
67
79
121
200
74
20
47
36
31
149
27
114
43
52
85
165
56
30
90
21
64
70
128
314
114
91
230
40
34
225
70
130
43
68
342
50
46
20
18
85
113
323
127
257
10
24
27
22
44
79
27
21
112
77
39
67
49
97
97
5
48
49
91
104
20
44
16
507
291
62
214
13
110
101
64
149
160
9
95
22
74
80
87
99
38
4
77
22
27
66
196
731
42
53
29
140
58
24
82
88
286
50
211
30
108
46
36
76
34
17
39
150
46
103
82
417
232
831
25
169
42
157
13
47
150
172
243
19
10
5
5
81
99
2834
217
44
20
24
23
12
73
79
114
264
230
554
172
55
108
147
77
83
29
171
48
109
98
274
244
37
153
14
20
59
114
66
43
81
157
99
57
35
56
46
26
83
20
60
67
31
12
68
93
83
21
61
84
25
17
35
53
91
73
53
35
22
78
125
23
34
129
92
85
210
35
57
242
116
255
78
33
96
20
230
56
15
133
254
30
19
63
45
36
15
124
116
46
20
36
105
33
30
58
36
57
80
41
170
55
273
209
139
109
242
24
128
168
137
288
42
285
57
241
81
76
28
23
35
47
32
26
209
57
35
110
333
14
15
13
16
36
49
44
174
375
133
111
212
106
83
236
148
43
173
58
30
278
9
19
11
84
275
51
73
34
52
22
26
30
40
26
44
138
30
57
276
46
104
109
108
135
148
148
51
73
254
124
124
65
33
94
33
190
11
7
8
15
31
33
15
20
27
14
31
10
8
14
19
22
9
8
9
25
14
60
12
9
12
30
29
22
37
164
42
25
386
766
7
301
10
11
19
17
36
2
100
125
13
34
479
9
51
35
5
40
16
219
117
206
20
80
57
157
102
49
148
25
51
5
186
23
311
14
28
78
32
86
11
32
25
284
148
173
99
91
70
24
57
149
178
70
32
55
58
58
121
76
23
32
310
42
61
129
193
257
22
52
51
27
26
38
90
27
26
43
96
96
61
48
81
83
10
647
67
864
443
28
132
202
160
114
113
57
127
54
35
49
21
150
24
164
54
228
10
309
98
132
114
33
369
37
19
27
11558
52
100
128
94
27
44
81
34
60
74
15
137
19
77
49
162
103
2
170
76
59
171
257
141
210
40
32
23
181
135
174
226
34
35
13
15
467
33
72
192
132
394
346
212
19
303
152
270
55
187
78
59
26
67
18
26
66
95
74
26
116
26
61
28
39
11
49
324
114
71
59
141
17
26
33
34
43
185
18
43
18
32
31
50
22
103
29
24
36
30
41
84
126
49
13
92
76
149
76
161
39
67
30
138
83
114
142
360
214
192
187
52
25
55
37
243
33
129
33
43
66
162
39
96
135
70
257
42
30
21
133
66
131
39
32
103
281
220
67
164
72
75
28
45
37
88
147
97
227
98
102
42
102
154
26
154
31
52
15
42
31
51
56
151
69
80
74
285
204
29
100
62
75
173
45
180
81
48
73
161
98
17
34
62
143
26
31
70
66
45
92
30
61
294
55
36
90
299
25
25
114
94
280
291
35
69
57
59
87
29
55
35
32
194
960
92
77
53
159
53
143
1504
72
31
24
42
58
104
51
137
153
26
122
92
100
13
29
297
30
149
158
83
30
106
143
23
147
145
126
58
36
146
11
61
32
185
35
91
63
166
56
31
54
379
130
153
290
93
40
47
48
45
32
99
74
69
162
46
71
80
57
41
57
107
75
112
96
141
148
32
19
62
21
218
28
76
23
148
59
12
18
149
4
98
15
136
90
20
49
140
123
115
72
106
242
65
39
26
117
40
354
19
40
103
67
246
24
171
74
58
127
53
182
93
152
57
79
88
95
128
67
162
16
43
134
64
16
120
22
27
31
59
29
478
49
88
94
9
29
225
63
16
158
438
34
55
59
30
295
87
13
5
4
163
31
9
251
57
59
76
191
47
76
38
52
189
99
141
163
449
23
73
129
7
35
106
48
149
60
627
432
97
24
132
36
192
71
151
61
23
70
37
32
183
310
57
37
26
56
33
96
51
396
42
211
73
103
153
45
99
25
33
44
235
190
7
158
108
203
128
162
32
19
87
116
50
157
64
70
66
45
121
16
54
48
79
84
25
84
55
56
7
17
40
78
41
93
32
71
62
50
26
32
152
289
93
20
3291
80
20
45
47
83
219
62
93
80
89
115
163
24
92
19
6
17
391
90
132
96
66
6
157
10
85
30
46
101
142
41
89
20
152
137
1013
475
428
126
209
97
24
100
26
96
19
24
9
165
8
106
6
37
56
80
261
84
124
19
23
89
51
49
264
329
34
50
40
54
16
35
41
130
31
275
236
15
7
21
10
87
105
339
78
23
51
46
94
11
25
2
50
20
143
28
53
59
38
36
64
34
20
60
37
119
202
24
30
113
158
27
60
151
8
108
39
113
72
177
40
71
72
20
192
19
79
21
48
90
19
36
102
39
95
18
191
64
28
36
216
18
103
87
34
51
35
51
163
39
14
67
171
18
48
140
104
26
89
295
348
87
51
36
19
173
57
90
64
15
66
52
40
220
27
14
130
23
62
31
43
13
8
46
97
322
58
103
37
53
61
49
63
209
85
80
247
89
122
91
14
31
142
158
4
51
46
42
21
57
86
25
158
107
29
97
19
183
53
15
47
19
129
123
45
18
58
87
84
70
42
39
158
88
85
43
22
9
158
64
78
45
112
57
130
86
131
86
28
138
33
22
59
112
105
206
71
86
283
264
21
42
180
8
100
53
90
35
9
73
581
57
7
284
122
39
32
71
46
249
305
84
25
58
79
66
87
240
20
110
37
93
140
16
55
18
80
44
33
50
41
83
41
21
21
45
104
70
39
57
299
61
64
25
47
12
27
37
31
54
50
101
19
34
116
39
58
92
149
179
70
85
45
22
46
58
18
631
52
124
63
30
126
16
183
101
31
48
30
270
46
54
27
142
16
471
385
198
68
23
51
185
117
34
100
199
60
221
222
48
48
164
122
684
198
69
95
41
232
184
54
54
12
103
52
20
115
33
43
62
80
76
4
35
51
27
106
110
268
75
98
43
26
133
179
83
114
55
36
121
47
87
56
73
251
62
12
128
23
129
195
134
159
68
38
42
37
93
46
89
32
42
93
23
44
34
46
120
32
95
21
84
129
27
25
132
6
11
74
140
71
115
79
19
99
34
132
123
316
6
24
50
263
184
26
39
310
39
66
275
46
168
57
151
37
114
43
253
132
181
184
214
43
62
46
63
5
6
8
25
56
40
9
6
9
161
70
116
99
38
33
84
19
56
143
36
100
65
279
44
72
71
292
22
18
35
95
131
107
139
72
81
218
309
68
14
48
70
158
25
53
370
42
75
42
32
210
68
116
37
235
18
66
173
170
96
6929
108
59
9010
39
225
43
33
39
48
101
244
207
12
19
253
57
47
73
69
137
63
35
215
106
115
254
35
28
197
18
34
25
185
23
120
103
72
97
68
30
67
215
82
154
65
141
27
32
44
29065
31
111
18
31
119
27
453
75
46
75
229
36
72
94
58
40
27
42
29
95
81
101
150
52
48
82
78
115
38
82
137
40
87
47
170
254
109
67
78
57
129
197
18
186
1223
121
7
41
44
584
75
30
114
122
296
211
44
41
210
97
25
63
62
105
37
88
42
136
40
51
39
2
173
165
58
124
77
24
76
68
105
252
169
86
39
13
69
53
67
66
175
333
25
200
365
144
318
354
77
31
57
78
42
31
47
412
75
237
39
83
28
169
29
60
69
19
47
99
211
41
93
299
35
64
29
105
17
40
229
143
49
172
96
8
14
195
39
99
104
70
164
55
272
125
38
107
34
26
58
39
147
124
41
34
137
42
162
49
169
21
919
151
334
81
104
109
144
199
103
88
21
434
115
87
162
22
5
7
6
8
8
6
8
34
64
9
84
166
93
63
208
26
26
35
271
15
23
19
75
51
478
130
187
329
101
118
113
212
89
83
194
35
171
202
107
53
128
131
124
57
4
15
85
122
151
143
120
418
56
5
9
16
154
45
112
85
252
33
7
21
17
5
47
7
69
11
86
84
43
95
205
31
37
16
207
90
51
23
14
35
248
251
9
39
150
49
90
30
30
42
180
34
39
35
100
37
49
87
377
129
75
102
29
193
17
42
73
75
57
9
69
86
42
52
23
11
147
11
41
9
60
20
81
152
42
22
28
629
26
27
72
19
265
434
198
29
63
16
36
77
41
130
58
15
80
64
78
8
27
48
21
36
146
15
11
28
121
17
97
199
40
71
249
23
44
23
62
231
33
63
78
171
134
19
11
20
70
23
54
8
30
116
184
8
34
38
58
62
99
77
38
17
22
13
28
222
10
11
187
47
82
50
38
187
60
26
98
157
12
39
30
1297
44
17
57
178
33
9
22
63
19
48
41
27
66
91
34
428
36
37
54
77
152
73
84
154
87
19
38
47
31
42
66
45
119
28
39
37
35
53
143
185
115
74
60
116
183
146
78
36
141
51
85
61
20
116
258
15
38
25
318
66
10
72
16
32
33
69
66
19
30
175
224
47
385
73
46
62
302
85
88
119
60
64
29
359
98
127
169
59
131
119
80
144
38
140
68
18
449
220
815
116
58
12
2
23
241
46
380
28
42
20
34
55
21
31
25
62
22
12
13
149
45
32
52
181
102
14
5
40
85
24
224
31
136
23
254
34
336
71
40
218
56
120
38
101
143
25
40
23
53
11
97
111
276
200
147
153
27
38
102
90
50
17
94
18
71
29
72
156
25
25
9
24
44
56
85
55
72
80
91
150
32
123
173
57
70
97
22
42
14
61
46
147
76
34
72
85
70
42
72
134
28
20
192
59
161
119
81
78
87
66
112
188
30
93
102
55
325
31
141
8
9
9
148
13
162
83
30
33
85
121
60
13
40
64
45
127
81
434
53
18
194
286
199
37
209
147
89
43
58
10
148
107
10
240
90
223
113
79
111
61
119
53
55
12
118
1749
141
41
65
150
26
73
742
114
31
37
328
165
172
98
23
50
11
50
63
69
115
33
67
296
13
11104
128
119
78
20
57
181
106
134
191
10
82
26
22
583
36
14
27
50
82
28
21
71
115
73
141
45
96
70
109
46
126
34
38
6
21
140
203
51
34
232
123
222
29
39
36
35
35
79
58
51
12
12
18
75
38
237
28
42
158
89
25
30
140
84
29
21
148
57
141
40
166
5
47
156
6
630
84
33
146
36
91
26
74
16
21
15
129
46
15
93
2303
5
49
81
22
182
466
64
97
486
49
103
123
10
31
84
77
48
79
66
61
107
43
44
22
29
77
149
103
120
46
137
94
49
141
403
21
34
97
59
32
21
37
131
50
36
25
18
117
114
396
82
104
201
174
8
29
151
41
29
72
34
121
79
73
159
8
207
121
109
49
76
175
20
61
23
34
15
38
180
52
46
107
10
70
67
407
54
101
45
85
44
129
221
153
84
65
59
302
55
19
102
58
47
38
100
18
134
30
98
62
180
99
83
37
188
55
63
17
163
102
45
114
47
16
15
26
162
17
86
111
82
148
201
387
29
128
82
73
22
33
10
193
129
31
35
31
100
283
23
56
62
25
23
44
62
183
106
66
50
22
132
190
30
95
22
193
29
84
402
104
139
102
33
70
78
95
136
56
8
58
100
17
61
220
75
193
25
27
108
107
36
8
9
3
9
44
7
40
142
140
193
131
136
25
105
140
103
366
246
58
5
31
160
29
56
152
4630
15
161
12
79
5
161
228
25
39
79
50
110
83
66
112
45
46
112
50
42
282
137
116
141
29
95
214
316
236
246
287
218
212
1
4
69
17
7
205
54
33
38
239
204
88
102
158
178
15
122
72
226
40
380
122
127
104
87
88
241
41
48
42
21
31
181
38
85
164
37
113
97
69
60
147
63
68
22
68
11
23
34
57
42
89
154
36
103
24
11
61
77
201
228
36
31
79
60
27
103
139
28
185
672
58
40
31
53
6
43
324
20
25
135
57
15
172
391
43
66
129
702
664
47
43
55
193
185
143
58
107
26
81
23
133
24
35
147
18
104
102
50
179
96
22
162
175
48
14
49
133
43
616
44
149
136
56
45
114
35
65
21
313
303
81
85
107
28
92
139
111
77
66
186
27
24
41
537
237
3
153
152
525
288
379
189
381
49
63
56
114
94
89
44
117
40
25
357
501
20
45
109
36
17
14
115
62
157
25
83
30
147
35
56
15
80
192
32
11
68
27
41
56
269
38
8881
71
60
229
102
28
152
51
22
96
158
115
24
70
125
224
4
18
96
284
245
18
15
28
257
4
84
31
40
54
144
48
150
55
21
250
27
117
3
22
45
49
288
113
32
5
58
116
124
12
41
66
63
56
27
97
174
80
205
111
9
144
53
37
37
230
76
7
58
145
20
3
84
244
48
30
44
77
268
34
185
287
168
112
98
201
36
92
570
67
256
76
19
294
65
69
188
44
47
21
269
148
32
51
104
434
69
51
131
71
73
60
113
72
24
66
211
82
127
270
157
407
45
147
140
56
21
157
46
75
408
67
141
179
32
209
158
406
102
30
230
212
299
48
29
26
152
182
30
76
140
28
7
5
26
98
76
76
61
193
56
44
70
300
23
160
22
114
59
485
189
307
134
69
33
51
42
261
67
45
79
231
115
147
61
28
63
56
167
61
11
25
165
80
69
130
47
66
87
81
85
36
294
137
262
160
38
168
96
91
50
90
38
13
39
27
42
39
38
312
34
84
17
39
196
78
26
8
34
41
226
33
52
31
47
132
19
119
354
31
66
29
83
46
63
120
123
46
62
109
52
528
136
84
117
92
108
209
112
112
29
92
115
51
66
153
131
39
30
92
86
36
49
64
61
68
71
70
158
356
32
57
57
88
86
124
20
69
75
63
46
55
227
21
284
151
7
57
58
10
17
65
121
81
111
73
64
97
168
61
379
31
641
39
168
108
71
38
52
72
42
59
177
29
126
96
30
69
196
59
176
22
326
41
791
280
15
37
51
88
132
232
89
245
8
46
98
67
52
90
46
28
56
13
68
56
80
33
3
40
37
5
58
26
79
23
52
156
44
26
23
30
73
84
65
91
17
105
135
42
4
72
72
38
49
135
47
32
108
50
15
30
42
187
26
15
567
22
54
183
61
52
238
82
48
46
583
91
288
68
214
287
77
152
200
53
149
409
15
88
7
262
114
169
23
13
101
511
56
35
100
167
28
75
67
64
71
69
33
82
118
93
145
91
95
37
155
97
65
111
123
199
3
19
51
163
25
84
20
21
71
42
58
55
52
65
46
3
48
177
30
63
26
19
152
137
7
71
30
21
72
77
11
30
68
16
51
203
42
28
194
53
5
24
46
135
37
146
164
22
37
85
92
52
69
110
110
94
118
37
21
116
31
115
85
56
112
27
19
123
43
61
52
255
21
110
121
135
105
34
91
154
57
27
38
141
46
27
468
169
41
148
5620
63
4
91
53
95
46
62
84
54
32
27
300
40
81
216
338
36
63
33
83
108
85
145
206
84
63
22
37
20
41
234
206
5
3
15
39
211
71
59
155
64
359
16
357
60
23
81
68
135
25
61
78
45
68
53
43
54
96
347
150
30
13
92
85
35
175
141
141
203
29
49
20
51
26
90
98
31
19
20
127
218
41
242
82
144
139
27
8
25
18
201
51
11
64
221
17
31
100
54
91
96
240
198
323
7
53
12
12
208
88
10
21
55
133
71
258
26
30
90
103
22
57
63
31
59
42
36
216
10
4
446
130
71
35
79
41
530
19
61
17
36
32
286
70
20
35
37
39
32
55
121
54
205
28
71
284
26
294
106
557
125
103
114
85
73
124
139
32
222
341
123
175
384
27
44
52
4
63
43
59
131
172
77
56
202
114
300
105
139
76
75
446
28
29
122
81
126
43
178
52
189
4
171
226
65
75
105
128
86
106
137
4353
3
165
347
128
113
8
40
54
17
108
213
10
15
260
34
49
15
39
61
27
9
88
9
57
199
103
106
354
40
85
150
23
37
99
32
175
324
426
117
150
70
114
38
54
50
78
27
92
117
43
108
108
60
85
22
44
45
50
58
62
34
63
939
143
40
68
307
201
88
65
100
139
116
27
4
71
174
90
28
435
134
51
97
38
65
82
96
47
20
110
89
36
23
218
82
108
65
112
94
34
68
54
52
71
100
39
43
168
28
15
88
75
42
13
113
51
37
182
65
113
239
46
27
96
85
133
230
91
111
21
27
163
6
126
80
28
54
84
242
38
191
34
70
54
124
70
79
330
29
86
42
44
52
27
54
58
20
164
301
130
158
32
53
45
26
37
131
66
87
71
336
57
333
34
63
38
37
154
29
25
40
182
31
79
34
162
29
343
20
292
33
700
181
32
28
90
131
282
51
72
180
143
153
251
12
23
27
204
18
59
40
38
197
65
76
53
105
70
19
74
155
144
67
127
159
33
28
36
22
38
154
395
65
39
51
122
51
81
116
18
50
47
40
38
112
67
116
15
60
50
104
449
41
49
103
72
37
85
32
44
20
41
19
60
38
85
75
30
58
88
105
84
51
96
201
417
24
479
6
4
81
288
55
13
72
214
11
46
57
47
63
28
76
230
43
171
28
20
114
52
46
21
134
54
226
60
112
58
22
18
27
41
42
15
31
39
31
246
483
123
204
487
24
47
25
13
27
105
216
105
155
18
38
141
29
137
81
89
22
8
14
59
85
184
18
325
186
338
144
120
183
34
77
94
53
29
58
17
107
193
33
39
56
112
14
57
266
223
49
27
117
23
145
83
16
226
118
44
8
4
13
32
31
329
15
55
59
195
62
175
140
59
84
105
101
87
81
185
35
106
59
182
72
248
159
204
163
104
172
70
44
60
101
986
19
217
57
27
18
160
93
57
106
226
42
73
37
82
121
13
65
44
64
44
61
14
9
34
36
51
76
93
30
20
97
58
73
149
334
11
55
130
224
7
35
40
99
64
176
15
110
418
114
65
86
46
17
37
117
94
296
208
2335
13
13
1
48
259
70
71
104
25
56
39
285
26
72
39
65
70
25
17
278
189
249
128
15
68
54
276
32
84
141
314
355
171
197
150
41
29
176
43
109
260
887
99
35
11
21
30
23
25
64
126
138
43
29
10
7
1
23
612
27
55
12
24
51
25
7
68
48
77
5
5
7
5
7
118
45
100
71
20
60
61
73
115
73
70
74
4
140
91
89
132
31
213
51
179
286
21
87
202
234
82
174
50
5
16
29
36
52
266
435
248
180
324
51
61
19
743
138
152
23
33
24
65
45
24
66
107
69
35
71
146
160
71
52
67
130
30
45
33
56
24
154
23
36
140
46
68
486
294
601
125
24
141
184
93
71
11
173
36
521
5
175
48
170
37
45
86
84
76
171
18
17
75
99
73
79
25
36
73
37
95
108
22
28
71
59
67
135
304
149
14
34
166
5
149
34
136
65
120
74
76
209
245
208
81
25
39
42
5
56
132
23
307
181
179
134
37
96
25
13
89
69
15
131
277
55
47
313
27
324
166
10
64
234
73
280
32
26
33
25
60
36
72
38
18
81
28
86
31
103
56
32
3
28
57
40
26
51
95
43
59
21
43
20
186
38
38
19
25
41
159
26
275
36
188
153
202
194
8
39
125
89
96
31
44
130
125
11
26
92
26
105
55
326
30
157
139
59
179
66
143
87
42
70
103
105
286
47
93
42
74
281
154
285
55
83
34
39
84
198
28
176
33
87
119
88
21
156
769
90
142
210
190
47
262
27
32
48
173
64
55
47
28
51
194
57
66
49
147
95
21
70
27
14
44
49
19
92
208
80
50
156
161
14
26
36
57
121
117
22
136
196
287
34
57
67
8
42
167
46
139
17
150
58
15
14
76
26
252
17
49
181
13
44
9
2
3
4
6
46
257
130
50
93
73
103
17
85
175
19
18
37
51
26
51
77
58
172
38
33
47
100
8
44
57
35
43
61
25
225
98
44
104
34
150
156
116
135
62
259
145
433
44
149
49
63
247
41
172
91
109
22
22
49
132
3
50
93
159
83
87
57
132
118
137
11
42
14
249
633
87
99
23
201
42
83
37
126
63
160
84
62
96
216
46
232
174
179
42
51
50
131
11
11
20
62
8
6
12
47
9
150
132
577
32
53
205
64
8
31
48
34
118
42
26
222
199
35
567
281
29
12
245
97
35
44
9
97
38
34
469
62
161
183
403
64
73
70
194
113
119
61
54
41
62
5
111
51
34
4
23
24
177
69
24
287
54
104
52
105
92
103
201
154
18
13
22
32
69
130
58
1839
36
20
50
34
193
46
36
14
172
140
346
112
48
335
28
173
73
69
56
57
219
51
98
68
29
151
31
41
6
42
134
31
30
184
11
788
99
30
60
71
24
36
17
71
65
37
73
84
22
78
49
105
37
66
289
175
65
133
69
36
58
95
243
117
26
76
130
64
49
58
149
8
167
30
36
169
153
246
140
58
71
54
124
267
60
15
125
82
41
107
146
77
34
17
53
84
28
32
477
28222
69
10
148
51
188
13
59
85
34
49
47
98
116
163
212
75
5
15
119
148
155
255
163
113
438
153
99
130
80
17
86
7
115
14
33
159
73
126
45
106
35
82
147
55
64
27
73
30
135
54
59
167
207
37
146
39
28
35
31
63
34
16
235
93
161
123
278
185
41
69
20
63
168
87
714
200
155
34
170
43
9
6
394
57
10
49
41
30
120
166
75
69
57
72
66
87
82
174
25
197
7
100
104
35
49
53
19
71
30
32
163
50
59
130
72
33
195
39
257
56
78
109
46
62
84
68
226
40
284
8
60
68
52
102
12
70
13
83
252
34
27
156
113
68
75
16
228
28
13
14
47
31
13
65
28
58
23
14
600
480
19
109
126
50
127
31
11
50
113
24
21
34
24
50
37
80
55
66
101
130
101
41
126
27
45
56
77
22
160
617
57
23
18
74
133
118
32
57
29
174
44
15
45
238
102
125
70
65
514
117
124
25
275
117
108
200
207
528
201
374
451
18
6
14
8
26
7
45
18
13
4
15
9
154
52
120
17
60
22
22
23
121
5
87
144
26
80
125
10
7
14
11
45
42
27
123
96
106
16
133
50
14
29
38
66
35
22
189
70
384
64
159
311
65
51
27
4
172
66
139
167
51
40
20
12
13
5
64
117
15
65
16
32
174
28
34
64
234
116
162
777
51
279
36
254
54
50
48
20
72
16
630
91
46
30
44
22
118
68
62
46
96
180
69
83
113
59
47
23
87
15
141
38
18
93
42
40
125
31
46
100
26
99
192
355
130
92
56
77
23
51
52
237
131
35
59
58
165
36
73
63
67
41
66
34
92
42
83
79
25
35
31
119
35
407
255
55
265
306
388
66
216
1218
66
72
47
8
17
35
68
345
168
130
216
345
184
191
185
181
58
52
37
284
28
52
28
34
65
66
91
89
27
97
165
80
491
57
529
14
173
466
150
8
40
144
48
27
55
25
26
59
41
13
59
55
29
8
23
54
149
186
79
422
21
38
17
61
69
39
20
97
32
87
127
161
21
52
155
43
168
69
33
32
11
76
360
20
96
79
267
53
148
204
5
473
219
250
33
187
111
376
186
16
11
25
25
115
70
15
129
42
32
19
28
54
12
101
101
138
422
213
227
100
112
209
59
387
64
96
47
396
85
29
130
135
79
76
7
130
13
59
76
185
132
60
141
91
214
13
58
30
179
105
302
160
22
54
53
207
426
102
49
134
108
101
34
49
41
71
17
168
226
22
64
41
6
82
185
60
223
35
147
20
35
26
4
117
118
121
188
27
56
28
145
142
85
126
34
16
216
51
106
45
146
16
88
69
88
6
45
115
28
49
79
26
56
95
76
5
6
9
4
5
5
4
4
4
7
6
5
5
6
5
4
4
5
5
6
8
5
5
5
4
5
5
4
3
4
5
41
163
598
171
63
227
25
66
276
104
104
140
21
18
130
247
134
79
18
35
296
38
50
14
66
55
74
54
198
34
78
89
50
225
45
21
132
76
129
82
175
68
132
51
209
156
200
180
464
42
141
298
17
19
149
106
40
111
355
264
137
245
31
55
47
44
43
88
55
109
29
46
340
103
210
220
147
91
74
16
41
82
237
50
113
26
198
97
135
46
41
36
110
61
13
141
51
79
195
30
88
169
161
83
36
164
23
105
2
164
54
79
486
14
20
165
44
9
41
50
165
70
55
36
91
76
67
117
47
98
52
22
62
127
59
223
41
132
293
98
608
66
10
31
18
29
51
22
101
23
228
16
23
11
103
197
207
68
178
135
399
9
31
100
25
127
98
364
32
124
76
37
74
31
78
3
91
43
684
47
40
259
143
40
8
126
110
56
111
228
44
29
72
14
28
30
584
41
116
302
232
37
13
61
110
168
42
108
154
381
145
694
35
17
43
208
106
58
35
24
68
300
50
65
20
175
38
48
43
137
50
44
66
21
118
329
863
74
2
143
55
10
251
43
47
253
52
91
13
69
82
28
22
100
45
9
72
8
693
51
40
243
143
117
51
27
48
150
18
63
50
90
60
212
16
152
130
47
70
237
17
55
139
261
202
3254
38
32
98
259
85
60
27
11
13
48
5
56
107
15
127
18
67
42
88
42
16
48
32
20
109
115
340
60
28
9
65
118
53
139
135
88
64
87
102
50
32
147
49
155
35
31
46
35
21
30
71
16
25
60
93
20
76
19
26
104
55
24
95
53
114
41
96
58
379
65
75
114
140
273
36
103
118
167
38
70
3793
7
46
571
78
31
13
215
17
108
19
22
11
39
225
95
97
229
94
83
38
130
100
24
307
7
21
45
30
55
31
214
134
116
126
69
62
46
70
66
48
22
35
25
164
117
29
109
100
95
45
89
58
66
68
119
114
49
100
46
58
150
22
47
87
50
95
159
69
197
20
14
43
51
48
193
28
1180
72
33
66
98
29
76
78
603
77
24
64
52
16
96
115
115
10
119
94
305
34
48
21
27
39
80
115
18
57
72
16
16
81
383
84
372
126
136
96
72
70
139
83
53
55
54
207
164
142
59
159
350
97
24
37
281
70
68
231
88
50
128
100
42
35
225
28
16
22
139
32
79
154
15
33
160
46
60
245
32
208
84
49
370
36
51
27
41
15
70
357
128
6
27
104
68
146
29
19
160
123
89
184
11
245
23
72
71
49
51
73
58
63
41
166
14
132
17
54
24
39
15
16
11
143
12
80
60
103
39
61
31
157
195
38
321
53
26
24
346
120
150
133
53
29
61
32
80
95
52
81
14
134
15
62
134
45
95
98
143
74
128
41
74
659
40
73
22
52
30
30
25
18
169
355
22
166
24
38
35
138
13
165
35
43
80
50
39
89
19
27
287
23
43
68
43
34
134
122
27
72
99
39
67
128
42
32
263
399
158
211
31
70
47
27
53
96
168
24
31
26
25
214
61
403
318
287
268
86
243
44
101
76
130
72
47
68
71
435
16
57
149
181
110
25
33
17
149
466
272
404
321
96
63
370
317
245
35
15
106
135
120
68
80
133
63
16
4
4
94
59
20
28
7
29
159
14
25
17
42
54
226
154
71
20
165
36
16
4
6
57
96
160
216
78
131
107
37
34
44
224
328
22
96
65
47
24
47
6
71
23
41
230
64
96
139
231
8
3
126
56
320
20
79
43
49
26
32
84
64
501
198
101
82
1028
61
132
215
88
171
131
72
66
55
183
18
54
17
35
183
21
126
39
175
234
279
161
40
5
65
25
29
45
65
197
45
15
71
92
684
55
30
81
80
185
130
79
28
35
78
55
103
229
39
3
27
126
67
70
47
15
47
53
170
154
171
158
34
163
67
74
54
9
171
61
92
25
30
82
134
27
35
129
86
131
90
14
86
81
101
380
60
133
57
255
127
85
99
10
1539
1650
21
83
190
89
32
150
11
69
71
52
47
61
64
79
305
142
374
50
32
65
25
166
15
122
62
19
38
19
187
45
178
122
157
256
125
33
53
196
22
159
29
228
23
59
78
96
205
43
27
74
50
24
12
34
80
61
87
68
94
46
115
13
114
84
46
756
174
22
69
91
26
25
11
21
138
101
52
45
98
163
30
40
22
103
53
111
83
95
57
4
12
53
234
53
186
45
200
59
27
83
83
87
77
4
50
63
56
186
197
72
641
27
14
30
45
51
29
242
200
87
1552
4
155
106
44
34
110
121
43
69
47
37
31
32
127
183
11
87
34
401
210
173
339
305
87
50
37
12
146
34
39
12
15
26
111
14
28
61
58
140
149
74
247
62
52
49
32
151
62
13
31
116
26
17
137
292
129
32
151
36
26
157
637
130
89
95
151
17
37
15
53
315
71
42
37
19
90
102
39
28
44
79
579
25
6
159
26
72
174
30
35
47
59
24
79
102
87
17
15
67
20
38
90
144
13
321
97
38
80
69
47
79
24
78
46
7
963
27
55
474
151
17
31
80
17
199
44
68
26
27
58
34
28
133
63
67
63
18
53
61
21
153
118
13
10
7
6
9
27
7
7
44
47
28
77
84
29
4176
101
38
263
78
129
112
218
134
33
94
81
51
133
168
38
34
297
159
127
165
32
35
260
39
49
36
154
70
60
220
43
6
42
62
181
56
24
46
41
180
16
27
26
22
82
37
343
100
229
264
40
215
5
118
186
15
64
277
53
198
89
73
223
96
259
28
22
32
80
51
191
126
85
44
193
98
64
24
373
31
28
25
34
29
61
16
12
43
55
36
70
292
102
24
49
21
89
213
123
32
166
22
145
330
262
228
829
670
3844
24
55
573
406
194
19
94
144
111
179
25
4
49
79
21
178
20
121
65
60
32
274
11
17
25
35
71
425
25
40
3
320
64
54
72
48
85
4
6
28
85
129
15
15
27
55
220
156
55
64
66
30
80
71
51
19
173
20
312
27
24
99
75
63
57
81
288
58
247
93
93
55
125
29
164
70
19
282
18
50
196
49
52
40
37
93
162
75
256
25
62
61
74
111
110
152
19
45
63
33
71
29
62
20
37
135
30
25
67
180
50
64
15
105
107
39
500
27
102
138
150
120
75
122
109
106
26
55
12
239
131
178
247
366
555
191
27
44
46
45
46
33
41
123
63
114
237
260
36
42
51
43
32
70
24
101
162
221
56
224
224
153
63
112
39
19
71
7
59
2
92
48
59
106
91
16
20
125
187
192
139
253
124
34
24
316
70
113
219
123
26
99
187
206
117
133
4
34
37
159
87
192
103
88
44
77
37
34
156
15
33
116
49
81
29
1713
40
17
32
85
73
51
23
139
58
42
109
10
119
135
64
58
26
83
174
141
13
9
21
100
121
25
291
51
173
29
110
36
114
91
39
33
34
90
24
82
82
13
70
55
30
47
226
39
15
120
2
173
54
43
60
127
86
113
116
18
75
228
28
22
87
110
9
26
55
44
97
46
119
174
57
15
45
62
26
594
443
39
28
79
120
63
171
101
9
37
77
162
63
220
20
52
37
89
44
19
171
85
81
137
46
54
29
13
53
59
20
12
141
13
32
94
71
156
37
95
20
438
240
16
37
39
85
76
165
35
48
114
68
22
101
94
20
30
22
80
157
173
38
62
55
195
57
8
9
4
52
36
41
22
24
337
243
33
24
70
27
71
75
115
68
118
33
32
271
261
160
174
10
6
11
7
5
12
68
52
10
54
19
44
75
60
63
25
13
33
102
158
430
115
144
109
192
181
261
287
21
38
34
61
21
35
89
50
112
189
158
25
27
136
79
130
98
6
258
38
81
1374
231
164
49
59
145
82
121
92
28
102
19
142
105
78
146
51
18
74
29
57
197
181
27
167
160
112
76
29
198
184
14
572
20
525
260
5
52
77
66
228
31
66
57
15
144
33
67
8
75
150
151
442
82
72
57
162
4
54
71
112
22
65
66
64
234
29
44
34
141
37
46
39
207
43
18
391
160
42
34
285
150
67
46
291
136
90
46
49
23
289
154
88
132
46
254
214
129
78
85
131
72
104
53
290
233
194
225
344
65
532
28
23
52
34
173
186
89
53
3
91
51
47
34
98
40
45
81
99
16
120
46
140
171
32
288
155
150
93
46
22
185
67
42
109
316
113
110
146
46
53
141
132
19
146
29
57
107
30
43
44
23
15
104
37
190
38
98
42
31
23
118
113
105
22
37
18
39
117
29
9
62
58
94
7
65
76
77
22
53
21
352
47
189
28
141
36
61
614
19
76
80
40
33
30
159
53
42
173
66
66
150
2
14
92
48
55
65
267
44
193
26
70
49
25
119
62
50
165
94
30
21
62
8
36
128
88
73
25
13
93
89
19
136
148
32
71
318
71
45
50
149
28
12
188
30
20
379
191
46
44
46
18
29
27
142
190
126
104
63
49
51
146
29
16
33
162
19
68
16
37
88
43
35
190
128
179
120
69
5
18
70
54
30
83
85
120
63
133
32
31
86
187
41
73
46
56
118
104
148
272
35
14
27
286
55
67
122
98
310
160
317
101
178
61
23
99
44
130
196
220
67
63
20
18
64
58
163
56
109
56
137
81
520
19
86
146
92
62
17
53
279
29
1256
111
57
24
186
52
134
31
67
58
388
27
53
24
35
196
210
99
115
13
26
52
102
29
33
48
35
95
76
76
29
117
66
58
33
121
22
171
24
43
125
20
21
56
105
43
95
85
28
47
31
88
51
66295
77
109
31
65
91
121
135
100
92
88
23
209
146
98
119
531
982
116
41
15
158
41
22
54
15
64
145
38
54
46
16
38
180
216
71
157
107
243
91
904
226
87
68
78
27
129
70
78
18
61
208
16
31
403
55
92
83
33
96
268
116
11
17
89
183
331
230
45
467
146
267
105
800
14
221
65
141
269
133
213
86
133
59
174
77
149
56
89
76
38
28
41
63
118
13
74
168
66
168
163
71
43
252
179
140
47
88
25
17
32
474
49
119
24
47
45
66
74
21
40
61
29
5
77
66
110
54
43
254
50
79
199
380
34
219
83
29
32
137
31
48
64
109
83
5
10
22
103
102
39
70
96
106
42
8
43
86
85
65
3
30
65
39
170
144
25
102
362
419
20
4
388
142
108
280
614
175
56
56
28
49
105
69
43
240
53
43
262
16
83
76
62
23
210
4
33
40
75
31
95
215
89
42
114
327
164
33
126
284
87
52
408
14
7
85
49
32
164
116
110
38
37
98
66
114
96
39
75
131
51
49
47
111
64
21
75
3
106
128
24
59
54
75
229
77
77
45
43
51
56
95
82
78
38
273
55
25
56
139
56
410
93
363
59
43
32
59
90
110
678
368
18
114
117
206
57
140
126
48
42
78
62
328
68
61
25
38
81
103
78
57
47
91
46
9
46
281
316
49
18
81
19
75
54
22
181
279
983
87
40
210
66
58
128
54
46
100
127
9
582
22
73
263
6
20
38
47
63
104
119
190
86
31
22
55
155
4
88
92
41
83
80
56
42
30
27
37
87
304
189
90
25
20
182
159
113
182
138
22
29
29
383
16
13
328
43
244
50
73
311
14
15
84
43
144
77
34
363
381
134
24
97
76
152
11
86
78
99
41
198
4
86
82
248
143
110
205
374
131
55
130
115
33
163
96
171
49
183
97
112
327
171
156
529
103
17
363
70
16
26
9
28
43
44
187
123
32
432
135
160
8
637
234
772
26
275
21
101
32
37
39
124
38
41
80
7
146
5
70
64
131
82
2
201
69
143
138
158
22
44
33
23
10
15
63
2500
91
59
100
74
22
25
16
34
54
15
120
396
15
37
155
23
94
179
90
167
359
112
30
87
150
66
66
44
33
31
53
50
65
12
83
141
25
120
220
48
91
134
91
36
63
12
24
419
38
44
24
115
45
36
130
73
117
78
30
32
254
568
29
429
218
87
4
81
164
11
48
34
12
474
145
331
517
9
372
62
38
46
29
74
79
28
83
176
160
225
36
352
43
187
71
61
87
3
19
32
271
113
123
19
131
145
132
102
842
3
478
86
84
85
68
49
205
29
58
323
63
31
32
37
32
275
30
134
23
23
52
38
47
292
36
26
50
16
62
58
99
41
93
27
32
89
8
102
39
60
60
34
104
10
23
90
66
48
4
6
84
57
81
50
58
79
66
9
58
95
38
92
53
46
22
88
254
38
86
67
660
86
56
41
115
105
16
39
74
168
44
22
102
48
31
92
16
255
259
173
89
35
27
20
78
3
122
141
212
139
56
21
140
80
19
36
39
15
88
32
75
218
21
405
75
13
153
22
201
162
83
124
132
60
18
74
24
26
46
81
39
214
116
179
67
48
64
32
84
62
97
103
35
38
94
253
96
11
39
116
47
5
47
39
48
30
64
65
237
80
96
12
97
83
90
22
275
136
95
12
65
142
16
76
195
32
1196
17
1
46
42
38
23
184
105
39
68
47
414
161
35
137
63
87
84
28
48
41
55
71
64
39
204
35
49
62
21
60
47
46
101
215
39
128
41
33
63
144
363
44
65
88
36
129
143
38
166
144
60
65
21
28
22
242
90
83
36
120
91
46
313
59
158
78
69
134
47
12
89
62
56
131
17
68
203
37
37
40
195
95
95
97
69
252
80
31
106
355
28
58
402
53
347
83
40
39
148
10
254
39
257
24
44
26
26
46
33
42
100
57
69
38
38
31
46
61
31
49
13
44
66
226
51
30
109
27
145
66
79
189
14
103
58
181
42
65
24
59
22
21
75
71
121
90
228
71
36
13
28
83
139
23
45
32
46
46
29
36
78
29
87
255
115
35
30
59
20
37
57
75
32
33
233
88
57
116
192
7
25
7
23
41
43
31
31
26
33
15
145
48
51
71
162
157
95
135
5
152
21
33
43
156
98
46
62
249
179
81
92
62
9
291
34
82
38
15
218
191
118
126
44
253
234
178
44
69
44
28
45
8
42
200
73
135
32
66
127
182
25
14
82
63
94
79
40
64
77
94
419
44
84
313
130
39
23
27
103
71
25
86
50
92
19
51
78
68
149
155
29
37
126
98
19
36
187
45
80
162
157
35
40
125
11
23
125
38
106
29
160
172
356
20
33
38
65
52
103
248
268
39
48
51
71
79
30
56
107
14
109
30
223
26
84
51
85
103
154
134
267
263
42
111
65
190
30
100
21
46
18
125
26
88
22
323
28
334
161
19
24
16
93
77
55
40
13
173
25
41
162
86
660
47
91
82
119
58
27
517
77
18
302
160
22
30
68
205
27
85
83
40
55
167
65
36
584
111
113
42
37
56
68
267
128
71
41
5
4
329
92
129
296
117
12
52
78
91
264
313
11
17
91
201
226
24
58
11
15
9
116
32
29
79
232
29
15
115
56
154
123
8
32
175
138
793
26
29
164
26
25
29
171
10
34
242
67
258
61
46
57
186
16
89
58
153
90
21
103
212
76
23
41
44
88
107
82
81
37
15
63
60
52
47
19
258
103
225
27
75
36
113
157
28
83
249
92
92
3
17
11
7
16
4
6
40
6
47
230
155
137
40
99
23
9
59
64
414
45
356
92
113
354
2055
573
169
93
33
129
260
93
102
241
53
22
75
230
289
85
130
35
11
63
158
476
119
75
273
76
139
244
69
631
55
14
105
152
53
65
39
50
53
135
65
30
28
30
229
82
105
91
60
8
9
48
42
54
244
2804
160
57
62
63
193
55
43
15
64
178
106
50
121
36
96
91
77
49
205
115
160
88
104
292
42
230
29
28
53
123
11
13
56
148
99
10
211
359
9
22
7
97
6
8
6
7
29
6
7
13
86
55
31
27
229
73
11
27
25
21
161
169
68
28
89
99
138
33
178
42
23
14
81
174
32
61
35
7
268
39
43
125
40
126
35
70
34
36
99
361
1206
3913
18
14
35
66
17
26
39
78
14
38
39
121
89
5
50
14
206
15
55
90
214
238
61
29
34
33
22
128
55
67
61
88
22
144
53
56
173
24
58
46
45
33
165
66
18067
237
278
49
169
209
73
51
46
46
62
164
76
69
104
36
202
82
107
57
137
33
2443
218
70
80
30
32
25
133
40
41
102
26
131
93
23
105
37
33
44
342
295
71
45
58
42
44
97
74
35
43
20
25
113
325
25
55
47
37
38
412
72
319
284
51
42
14
31
56
27
109
40
167
7
138
36
203
51
196
25
94
237
34
47
70
89
193
185
52
21
34
101
42
72
23
176
40
77
32
69
88
224
53
50
20
107
81
452
492
11
319
14
184
106
35
583
170
221
131
44
159
38
105
37
77
24
30
31
34
93
67
119
60
187
158
208
262
446
79
3589
25
282
61
27
139
77
246
18
65
20
49
32
191
156
105
103
42
55
60
101
114
58
152
29
43
163
148
78
54
97
25
53
34
59
53
21
161
285
112
119
25
144
26
6
175
49
76
262
336
7
88
275
55
86
127
362
67
37
163
109
238
44
46
55
58
21
55
11
27
13
20
28
27
186
138
91
14
136
216
99
309
74
119
291
72
49
60
51
28
197
27
140
80
56
17
332
9
38
44
188
58
72
56
22
30
19
219
32
91
6
47
42
55
89
7
13
23
9
126
28
44
30
105
150
103
297
378
17
